# telescope   = tel04
# season      = 2011-2017
# filter      = RG715
# aperture    = 8.000     pix
# deblend     = 0
# null_dc[1]  = -0.001101 mag
# null_dc[2]  = 0.000375  mag
# null_cm     = 0.225549  mag/mag
# null_fwhm_k = -0.000587 mag/pix
# null_fwhm_0 = 3.641000  pix
# null_chidof = 3.107
# null_nfit   = 451
# null_nparm  = 4
#
#BJD           Mag         e_Mag       tExp    DMag    FWHM   Ellip Airmass X         Y         Angle   Sky      Peak  S  V  R F CM        Corr_Mag   
#------------- ----------- ----------- ------- ------- ------ ----- ------- --------- --------- ------- -------- ----- -- -- - - --------- -----------
2457885.661577    0.001699    0.003604   8.027  0.0068  4.057 0.268 1.38321  1333.889   301.841  179.90    41.72  5092  1  9 0 0  0.002834    0.002405
2457885.662013    0.004591    0.003983   8.027  0.0030  3.810 0.273 1.38222  1334.914   319.702  179.90    42.07  5991  1  9 0 0  0.002818    0.005155
2457885.662450    0.010457    0.003823   8.027  0.0001  3.193 0.095 1.38125  1334.362   289.259  179.90    42.20  7545  1  9 0 0  0.002802    0.010663
2457885.662890    0.007127    0.003931   8.027  0.0075  3.473 0.062 1.38028  1334.693   286.787  179.90    42.53  6779  1  9 0 0  0.002786    0.007500
2457885.663327   -0.000604    0.003808   8.027 -0.0034  3.274 0.097 1.37933  1334.973   283.463  179.89    42.76  8076  1  9 0 0  0.002770   -0.000343
2457885.684869    0.002068    0.003808   8.027  0.0190  3.456 0.074 1.34792  1333.520   290.620  179.90    46.45  6519  1  9 0 0  0.003063    0.002369
2457885.685301    0.001131    0.004368   8.027 -0.0031  3.763 0.058 1.34759  1333.880   290.216  179.90    46.45  6084  1  9 0 0  0.003069    0.001611
2457885.685730   -0.004471    0.004222   8.027  0.0008  3.840 0.063 1.34727  1334.615   290.459  179.89    46.12  5886  1  9 0 0  0.003061   -0.003944
2457885.686161    0.001676    0.004355   8.027 -0.0004  4.015 0.087 1.34697  1335.481   284.363  179.90    46.55  4951  1  9 0 0  0.003053    0.002307
2457885.686603   -0.006115    0.004227   8.027  0.0027  4.109 0.052 1.34666  1335.732   283.951  179.89    46.43  4858  1  9 0 0  0.003046   -0.005427
2457885.708861    0.005073    0.003698   8.027  0.0074  3.117 0.125 1.34648   715.259  1760.579    0.00    53.36  8939  2  9 0 0  0.002773    0.003765
2457885.709291    0.002220    0.003732   8.027 -0.0006  3.473 0.081 1.34677   715.706  1759.638   -0.00    53.55  6730  2  9 0 0  0.002781    0.001120
2457885.709730    0.004004    0.003840   8.027  0.0078  3.175 0.114 1.34708   715.323  1764.372   -0.00    53.73  8885  2  9 0 0  0.002789    0.002726
2457885.710183   -0.000829    0.004195   8.027  0.0038  3.480 0.111 1.34741   715.042  1765.240    0.00    53.85  7290  2  9 0 0  0.002796   -0.001929
2457885.710624    0.004431    0.004038   8.027  0.0065  3.265 0.103 1.34774   714.169  1763.891    0.01    53.76  9248  2  9 0 0  0.002804    0.003203
2457885.732832    0.005418    0.003729   8.027  0.0083  3.389 0.084 1.38025   714.425  1761.928   -0.00    55.80  7142  2  9 0 0  0.002882    0.004245
2457885.733265    0.007419    0.003606   8.027  0.0130  3.655 0.106 1.38121   715.695  1763.870   -0.01    55.23  6194  2  9 0 0  0.002871    0.006404
2457885.733698   -0.000394    0.003929   8.027  0.0133  3.426 0.084 1.38218   715.630  1761.801   -0.00    55.04  7787  2  9 0 0  0.002861   -0.001540
2457885.734124    0.002748    0.003986   8.027  0.0223  3.332 0.093 1.38314   715.322  1764.952    0.00    54.90  7792  2  9 0 0  0.002851    0.001549
2457885.734567    0.004400    0.003644   8.027  0.0076  3.453 0.124 1.38416   714.963  1765.368   -0.00    54.96  7270  2  9 0 0  0.002841    0.003274
2457885.753512   -0.001616    0.003949   8.027  0.0125  3.372 0.114 1.44112   713.663  1762.317    0.00    61.33  8277  2  9 0 0  0.003028   -0.002832
2457885.753951    0.007440    0.003767   8.027  0.0042  3.357 0.107 1.44278   714.970  1763.752    0.00    61.14  8025  2  9 0 0  0.003052    0.006210
2457885.754375    0.000000    0.004885   8.027  0.0038  3.257 0.148 1.44439   715.425  1761.514    0.00    61.19  7730  2  9 0 0  0.003074   -0.001294
2457885.754805    0.002311    0.004122   8.027  0.0104  3.388 0.120 1.44604   715.334  1765.503    0.00    61.32  7414  2  9 0 0  0.003097    0.001089
2457885.755237    0.002295    0.004417   8.027  0.0013  3.520 0.121 1.44772   715.335  1764.946    0.00    61.41  7585  2  9 0 0  0.003120    0.001145
2457885.776121    0.017343    0.004453   8.027  0.0125  3.261 0.117 1.54971   713.443  1762.317   -0.01    66.42  7445  2  9 0 0  0.002213    0.016246
2457885.776552    0.003865    0.004555   8.027  0.0146  3.395 0.131 1.55230   714.405  1763.322   -0.00    66.03  7269  2  9 0 0  0.002156    0.002860
2457885.776996    0.007008    0.005013   8.027  0.0186  3.445 0.144 1.55498   714.960  1762.107   -0.01    65.68  7259  2  9 0 0  0.002098    0.006045
2457885.777427    0.004222    0.004610   8.027  0.0093  3.432 0.104 1.55761   714.812  1766.950   -0.00    65.46  7575  2  9 0 0  0.002041    0.003264
2457885.777868    0.004951    0.004858   8.027  0.0206  3.298 0.082 1.56032   715.307  1764.764   -0.00    65.49  7721  2  9 0 0  0.001983    0.003928
2457885.801554    0.003416    0.004934   8.027  0.0296  3.767 0.073 1.74553   714.021  1766.384    0.00    72.49  6165  2  9 0 0 -0.000304    0.003184
2457885.801990    0.002354    0.004603   8.027  0.0076  3.649 0.109 1.74979   715.091  1767.614   -0.01    72.35  5472  2  9 0 0 -0.000339    0.002060
2457885.802422    0.024051    0.005143   8.027  0.0296  3.671 0.094 1.75405   714.295  1765.070   -0.01    72.50  6255  2  9 0 0 -0.000374    0.023778
2457885.802863    0.001317    0.004545   8.027  0.0114  3.624 0.100 1.75843   714.236  1759.352    0.00    72.73  6934  2  9 0 0 -0.000409    0.001024
2457885.803302   -0.000734    0.004571   8.027  0.0341  3.668 0.104 1.76282   714.482  1764.273   -0.01    72.92  6190  2  9 0 0 -0.000444   -0.000993
2457886.643701    0.042219    0.019885   8.027 -0.2450  4.314 0.425 1.42586  1334.088   280.578  179.90    33.32  3641  1  9 0 0  0.001376    0.043404
2457886.644144   -0.016056    0.007824   8.027 -0.2673  3.520 0.184 1.42436  1333.430   282.818  179.90    32.38  5570  1  9 0 0  0.001371   -0.015336
2457886.645015   -0.011423    0.003930   8.027 -0.2595  4.705 0.259 1.42146  1337.102   277.923  179.90    31.69  2072  1  9 0 0  0.001362   -0.010005
2457886.645448    0.023184    0.006289   8.027 -0.5629  3.525 0.241 1.42004  1334.258   287.025  179.90    31.35  1167  1  9 0 0  0.001369    0.023908
2457886.666060    0.011279    0.004378   8.027 -0.1618  3.547 0.233 1.36842  1333.855   284.265  179.90    32.32  6338  1  9 0 0  0.001959    0.011883
2457886.666497    0.006362    0.004041   8.027 -0.1485  3.753 0.264 1.36765  1333.697   284.943  179.90    31.80  5279  1  9 0 0  0.001919    0.007095
2457886.666927    0.003989    0.003807   8.027 -0.1077  3.387 0.242 1.36689  1334.462   288.962  179.90    31.41  6771  1  9 0 0  0.001879    0.004517
2457886.667367    0.002724    0.003945   8.027 -0.1361  3.529 0.248 1.36614  1334.641   284.673  179.89    31.41  6038  1  9 0 0  0.001839    0.003344
2457886.667807   -0.001860    0.006251   8.027 -0.1575  3.489 0.268 1.36540  1335.372   284.547  179.89    32.03  5944  1  9 0 0  0.001799   -0.001254
2457886.690841    0.004962    0.008392   8.027 -1.3415  3.313 0.179 1.34340  1334.062   286.494  179.89    97.38  2149  1  9 0 0  0.000868    0.005674
2457886.691274    0.011020    0.010765   8.027 -1.4176  3.649 0.160 1.34329  1334.177   286.137  179.89    99.03  1938  1  9 0 0  0.000919    0.011918
2457886.691704   -0.000319    0.010288   8.027 -1.4924  3.502 0.202 1.34320  1334.347   286.718  179.90    99.49  2047  1  9 0 0  0.000970    0.000481
2457886.692144   -0.006192    0.013021   8.027 -1.4470  3.517 0.220 1.34312  1334.538   285.018  179.90    97.47  1993  1  9 0 0  0.001022   -0.005395
2457886.693551    0.033883    0.013465   8.027 -2.1421  2.894 0.256 1.34293   347.415   959.783    0.03   102.91  1161  2  9 0 0  0.001188    0.032802
2457886.714803    0.005618    0.005566   8.027 -0.5108  3.361 0.131 1.35458   714.299  1762.563    0.00    80.83  4779  2  9 0 0  0.000934    0.004868
2457886.715243   -0.012935    0.004971   8.027 -0.5042  3.344 0.093 1.35511   714.910  1764.082    0.00    79.97  5759  2  9 0 0  0.000859   -0.013678
2457886.715678   -0.007353    0.005389   8.027 -0.5028  3.373 0.151 1.35565   716.044  1767.070    0.00    80.22  5303  2  9 0 0  0.000786   -0.008062
2457886.716113   -0.002946    0.007990   8.027 -0.5546  3.948 0.246 1.35620   715.927  1764.272    0.00    88.01  3654  2  9 0 0  0.000712   -0.003301
2457886.716552    0.003479    0.004923   8.027 -0.6190  3.268 0.137 1.35677   715.476  1761.419    0.00    95.53  4464  2  9 0 0  0.000638    0.002741
2457886.740421    0.002246    0.005517   8.027 -0.4455  4.549 0.324 1.40679   714.003  1758.598   -0.00    80.15  2823  2  9 0 0 -0.002817    0.003039
2457886.740867    0.022826    0.010232   8.027 -0.2521  4.686 0.253 1.40810   714.588  1756.937   -0.01    70.01  2061  2  9 0 0 -0.002875    0.023713
2457886.741317   -0.000104    0.005400   8.027 -0.2061  3.950 0.280 1.40945   715.676  1766.513   -0.00    59.54  3909  2  9 0 0 -0.002934    0.000364
2457886.741752   -0.007987    0.004713   8.027 -0.1528  3.720 0.392 1.41076   715.045  1770.196    0.00    55.17  4854  2  9 0 0 -0.002991   -0.007641
2457886.742184   -0.014962    0.004318   8.027 -0.1346  3.692 0.259 1.41208   714.152  1765.810    0.00    52.61  4876  2  9 0 0 -0.003048   -0.014620
2457886.759473    0.009981    0.004701   8.027 -0.0995  4.366 0.252 1.47730   714.043  1762.555   -0.00    56.56  4398  2  9 0 0 -0.002811    0.010666
2457886.759910    0.002346    0.005048   8.027 -0.0600  4.378 0.256 1.47929   715.503  1760.328   -0.00    53.82  4083  2  9 0 0 -0.002792    0.003033
2457886.760354    0.008001    0.004340   8.027 -0.0564  3.799 0.238 1.48132   715.898  1765.143   -0.00    52.21  5546  2  9 0 0 -0.002772    0.008345
2457886.760785   -0.004008    0.004144   8.027 -0.0359  4.200 0.313 1.48332   715.805  1768.769   -0.00    50.65  4923  2  9 0 0 -0.002753   -0.003434
2457886.761219    0.014658    0.005065   8.027 -0.0423  4.334 0.226 1.48535   714.224  1764.388   -0.00    50.89  4146  2  9 0 0 -0.002734    0.015307
2457886.780040    0.004954    0.004791   8.027 -0.2959  4.655 0.345 1.59253   713.326  1763.942    0.00    80.66  3491  2  9 0 0 -0.001111    0.005425
2457886.780482   -0.008713    0.006704   8.027 -0.3714  3.415 0.172 1.59554   715.351  1766.877   -0.01    87.53  5917  2  9 0 0 -0.001068   -0.008979
2457886.780922    0.009149    0.005866   8.027 -0.4098  3.592 0.205 1.59858   715.283  1764.797   -0.00    92.27  4213  2  9 0 0 -0.001025    0.008976
2457886.781360   -0.011359    0.006323   8.027 -0.4484  4.344 0.222 1.60161   714.976  1764.893   -0.01    95.27  3285  2  9 0 0 -0.000982   -0.011100
2457886.781791    0.011594    0.005322   8.027 -0.4639  3.746 0.283 1.60463   714.927  1764.760   -0.01    97.57  4634  2  9 0 0 -0.000940    0.011493
2457886.799889   -0.006257    0.008189   8.027 -0.6136  3.538 0.115 1.75663   713.132  1764.658   -0.01   114.91  4485  2  9 0 0 -0.000500   -0.006580
2457886.800336    0.002769    0.007075   8.027 -0.6158  3.111 0.111 1.76109   714.610  1764.153   -0.01   119.70  4894  2  9 0 0 -0.000496    0.002195
2457886.800779    0.003325    0.006959   8.027 -0.6558  3.221 0.097 1.76555   715.128  1770.421   -0.01   122.42  4686  2  9 0 0 -0.000493    0.002815
2457886.801219   -0.013656    0.009041   8.027 -0.7653  3.465 0.204 1.77002   715.003  1764.221   -0.01   131.26  4098  2  9 0 0 -0.000490   -0.014023
2457886.801649   -0.000648    0.007502   8.027 -0.8076  3.547 0.251 1.77443   715.715  1767.136   -0.00   135.11  3350  2  9 0 0 -0.000486   -0.000969
2457887.643194   -0.000258    0.004426   8.027  0.0011  4.835 0.257 1.41829  1336.070   283.941  179.90    32.39  3629  1  9 0 0  0.001181    0.001277
2457887.643641    0.000669    0.004565   8.027  0.0057  3.620 0.233 1.41686  1334.545   288.602  179.89    32.09  6558  1  9 0 0  0.001178    0.001492
2457887.644077   -0.002155    0.005508   8.027 -0.1417  3.213 0.295 1.41547  1333.714   311.847  179.90    31.94  4827  1  9 0 0  0.001176   -0.001571
2457887.670845   -0.014623    0.003545   8.027 -0.0229  4.249 0.274 1.35671  1332.992   284.069  179.90    23.72  4366  1  9 0 0 -0.001016   -0.012936
2457887.671285   -0.001407    0.003719   8.027  0.0039  4.433 0.328 1.35614  1333.392   286.598  179.90    24.26  4827  1  9 0 0 -0.000990    0.000382
2457887.671716    0.006465    0.003616   8.027 -0.0425  4.979 0.315 1.35560  1333.424   282.298  179.89    24.46  2542  1  9 0 0 -0.000964    0.008568
2457887.672147   -0.012474    0.004913   8.027 -0.0362  5.548 0.222 1.35507  1335.021   284.847  179.90    24.64  2364  1  9 0 0 -0.000938   -0.010043
2457887.672577   -0.001969    0.004268   8.027  0.0062  3.766 0.323 1.35455  1334.624   288.449  179.90    24.84  6485  1  9 0 0 -0.000912   -0.000590
2457887.692743    0.006132    0.004775   8.027  0.0207  3.142 0.279 1.34287   774.374  1704.210    0.01    24.57  6845  2  9 0 0  0.000385    0.005378
2457887.693193    0.002707    0.004395   8.027  0.0028  3.156 0.190 1.34289   727.547  1762.392    0.01    24.70  8443  2  9 0 0  0.000417    0.001954
2457887.693636    0.000693    0.004038   8.027 -0.0020  3.356 0.269 1.34292   718.371  1767.392    0.00    24.54  7452  2  9 0 0  0.000449    0.000050
2457887.694080   -0.004758    0.003843   8.027  0.0093  3.337 0.241 1.34296   715.820  1763.890    0.01    24.67  7875  2  9 0 0  0.000481   -0.005420
2457887.717592    0.003036    0.004345   8.027  0.0058  3.149 0.184 1.36224   714.629  1760.521    0.00    30.44  6758  2  9 0 0 -0.000115    0.002398
2457887.718025   -0.002532    0.004104   8.027  0.0089  4.488 0.400 1.36292   714.681  1766.189    0.00    30.61  4113  2  9 0 0 -0.000163   -0.002373
2457887.718475   -0.004083    0.004726   8.027 -0.0111  4.869 0.236 1.36363   715.443  1763.793    0.00    30.68  3202  2  9 0 0 -0.000213   -0.003689
2457887.719333   -0.002411    0.003609   8.027  0.0016  3.467 0.276 1.36504   715.183  1763.395   -0.00    30.75  7547  2  9 0 0 -0.000308   -0.002818
2457887.759091    0.002339    0.003808   8.027  0.0140  4.029 0.293 1.48849   714.049  1767.970   -0.00    36.73  5774  2  9 0 0 -0.000282    0.002256
2457887.759526    0.005119    0.004915   8.027  0.0228  4.256 0.275 1.49057   714.987  1767.950   -0.00    36.62  4166  2  9 0 0 -0.000301    0.005173
2457887.759976    0.007216    0.004931   8.027 -0.0017  3.827 0.345 1.49274   715.435  1766.677   -0.00    36.55  5033  2  9 0 0 -0.000321    0.007023
2457887.760417    0.011456    0.003858   8.027  0.0130  3.537 0.146 1.49489   715.088  1762.491   -0.00    36.98  6047  2  9 0 0 -0.000341    0.011097
2457887.760846   -0.000821    0.004821   8.027 -0.0115  4.428 0.286 1.49700   714.515  1761.656   -0.01    37.43  4244  2  9 0 0 -0.000360   -0.000653
2457887.781421    0.008315    0.004436   8.027  0.0290  3.820 0.159 1.62207   713.644  1762.391   -0.01    39.72  6236  2  9 0 0 -0.000574    0.008175
2457887.781849   -0.016554    0.005104   8.027  0.0123  4.286 0.199 1.62523   714.475  1762.390   -0.01    39.87  4447  2  9 0 0 -0.000575   -0.016420
2457887.782288    0.017686    0.004950   8.027  0.0289  3.085 0.112 1.62850   714.769  1765.354   -0.01    39.87  9309  2  9 0 0 -0.000576    0.017115
2457887.782718    0.004025    0.005078   8.027  0.0063  4.002 0.331 1.63174   715.243  1762.367   -0.01    39.84  4658  2  9 0 0 -0.000576    0.003992
2457887.783165   -0.007500    0.005789   8.027 -0.0133  3.843 0.240 1.63513   714.460  1764.140   -0.01    39.79  4787  2  9 0 0 -0.000577   -0.007626
2457887.809125    0.006887    0.005198   8.027  0.0495  3.467 0.045 1.89152   713.539  1763.720   -0.01    41.63  6387  2  9 0 0 -0.001114    0.006662
2457887.809562    0.008008    0.005017   8.027  0.0389  3.325 0.163 1.89705   714.890  1762.192   -0.01    41.58  6864  2  9 0 0 -0.001125    0.007701
2457887.809981   -0.007566    0.005017   8.027  0.0084  3.165 0.179 1.90242   715.485  1767.300   -0.01    41.31  6284  2  9 0 0 -0.001134   -0.007965
2457887.810412   -0.000101    0.005035   8.027  0.0389  4.085 0.316 1.90796   713.830  1760.591   -0.01    41.09  5059  2  9 0 0 -0.001145    0.000043
2457887.810836    0.005928    0.005691   8.027  0.0492  2.818 0.063 1.91348   714.479  1767.494   -0.01    40.97 10354  2  9 0 0 -0.001155    0.005331
2457888.647846    0.012172    0.031957   8.027 -2.5284  4.439 0.072 1.39642  1333.986   316.472  179.90    23.21   412  1  9 0 0  0.000865    0.013546
2457888.648300    0.003505    0.020172   8.027 -0.9084  3.909 0.308 1.39522  1335.107   272.308  179.90    21.08   763  1  9 0 0  0.000910    0.004557
2457888.648748    0.042722    0.009556   8.027 -0.6231  6.154 0.036 1.39405  1335.034   278.014  179.90    21.39  1085  1  9 0 0  0.000954    0.045082
2457888.649201   -0.135531    0.041703   8.027 -1.5907  5.457 0.141 1.39288  1333.543   320.887 -179.95    23.47   313  1  9 0 0  0.000998   -0.133590
2457888.649666   -0.053734    0.014136   8.027 -0.8032  4.120 0.279 1.39170  1334.737   324.610  179.90    22.56  1816  1  9 0 0  0.001044   -0.052588
2457888.676178   -0.004419    0.004143   8.027 -0.0300  3.912 0.277 1.34817  1333.665   286.848  179.90    15.66  6611  1  9 0 0  0.001909   -0.003590
2457888.676610    0.008016    0.004230   8.027 -0.0340  4.374 0.134 1.34783  1335.005   284.871  179.90    16.14  3409  1  9 0 0  0.001884    0.009121
2457888.677043   -0.017323    0.006659   8.027 -0.2180  5.139 0.091 1.34750  1332.447   290.605  179.89    16.48  1305  1  9 0 0  0.001859   -0.015762
2457888.677485   -0.005756    0.004172   8.027 -0.0263  4.185 0.315 1.34718  1332.222   287.743  179.89    16.70  3835  1  9 0 0  0.001833   -0.004750
2457888.803949    0.002645    0.005259   8.027  0.0472  3.832 0.070 1.86220   714.390  1766.099   -0.01    31.45  5118  2  9 0 0 -0.002067    0.002848
2457888.804821    0.011813    0.005532   8.027  0.0499  4.411 0.164 1.87278   717.663  1764.991   -0.01    31.93  4533  2  9 0 0 -0.001982    0.012337
2457888.805262   -0.000294    0.005668   8.027  0.0446  4.358 0.164 1.87819   715.601  1764.135   -0.01    32.25  4454  2  9 0 0 -0.001963    0.000195
2457888.805709    0.007612    0.005578   8.027  0.0424  5.201 0.187 1.88373   715.664  1765.601   -0.01    32.61  2851  2  9 0 0 -0.001971    0.008598
2457890.653575   -0.004897    0.004145   8.027 -0.0431  4.401 0.055 1.37080  1336.167   286.081  179.90    22.55  4331  1  9 0 0  0.000692   -0.003507
2457890.654018    0.003514    0.004509   8.027 -0.0357  4.387 0.108 1.36998  1334.268   287.423  179.90    22.19  4281  1  9 0 0  0.000780    0.004877
2457890.654454   -0.006012    0.004155   8.027 -0.0424  4.045 0.041 1.36918  1334.208   287.502  179.90    21.67  4741  1  9 0 0  0.000867   -0.004870
2457890.654888   -0.002221    0.004640   8.027 -0.0331  4.583 0.159 1.36840  1335.474   286.004  179.90    20.93  4284  1  9 0 0  0.000953   -0.000783
2457890.655331   -0.006954    0.004338   8.027 -0.0254  4.220 0.106 1.36761  1334.917   284.667  179.89    19.87  4243  1  9 0 0  0.001041   -0.005749
2457890.679148   -0.006425    0.004327   8.027 -0.0129  3.733 0.082 1.34353  1332.074   287.554  179.90    18.09  6294  1  9 0 0  0.004465   -0.006277
2457890.679586   -0.007098    0.004069   8.027  0.0031  3.492 0.032 1.34341  1332.883   287.049  179.90    18.92  6377  1  9 0 0  0.004512   -0.007103
2457890.680019   -0.021695    0.004115   8.027 -0.0084  3.548 0.037 1.34330  1333.494   284.871  179.90    19.42  6449  1  9 0 0  0.004558   -0.021677
2457890.680464    0.013556    0.004442   8.027  0.0072  4.533 0.097 1.34321  1334.265   285.630  179.90    19.91  4167  1  9 0 0  0.004605    0.014142
2457890.680908   -0.012163    0.005267   8.027  0.0001  4.128 0.040 1.34312  1335.074   282.360  179.89    20.50  4964  1  9 0 0  0.004653   -0.011826
2457890.713308    0.005917    0.003921   8.027  0.0086  2.961 0.065 1.36914   716.431  1763.790   -0.01    24.58  9881  2  9 0 0  0.003593    0.004332
2457890.713725    0.008477    0.004457   8.027  0.0136  2.924 0.098 1.36990   716.324  1764.549   -0.00    24.41  9445  2  9 0 0  0.003557    0.006879
2457890.714159    0.005406    0.004373   8.027  0.0044  3.381 0.052 1.37071   715.528  1762.803    0.00    24.70  8055  2  9 0 0  0.003520    0.004085
2457890.714596    0.009496    0.004284   8.027 -0.0028  4.321 0.225 1.37153   714.829  1760.716   -0.01    24.58  4951  2  9 0 0  0.003483    0.008735
2457890.715033    0.000962    0.003557   8.027  0.0094  3.574 0.094 1.37237   714.853  1766.874   -0.00    24.70  7897  2  9 0 0  0.003445   -0.000229
2457890.736793   -0.000978    0.003725   8.027  0.0100  3.259 0.118 1.43113   715.108  1759.755   -0.00    27.87  8443  2  9 0 0  0.002392   -0.002116
2457890.737211    0.014403    0.005611   8.027  0.0224  3.314 0.157 1.43261   716.119  1763.951   -0.01    27.67  8645  2  9 0 0  0.002385    0.013299
2457890.737652   -0.009831    0.004155   8.027  0.0149  3.218 0.126 1.43419   715.593  1764.930   -0.00    27.79  8467  2  9 0 0  0.002377   -0.010991
2457890.738089    0.008817    0.004064   8.027  0.0105  3.365 0.095 1.43577   714.575  1763.799   -0.00    27.90  7130  2  9 0 0  0.002369    0.007745
2457890.738525   -0.002530    0.004780   8.027  0.0176  3.064 0.121 1.43736   713.903  1763.504   -0.01    27.91  8705  2  9 0 0  0.002362   -0.003776
2457890.769385    0.010282    0.004792   8.027  0.0243  3.197 0.162 1.59611   714.200  1763.984   -0.01    26.15  9093  2  9 0 0  0.001578    0.009290
2457890.769825   -0.001259    0.004654   8.027  0.0241  3.236 0.131 1.59915   714.825  1763.281   -0.01    25.97  8914  2  9 0 0  0.001519   -0.002214
2457890.770262   -0.006626    0.004697   8.027  0.0271  3.303 0.128 1.60218   715.409  1766.075   -0.01    25.65  8675  2  9 0 0  0.001462   -0.007529
2457890.770704    0.017549    0.004297   8.027  0.0307  3.136 0.144 1.60528   715.413  1764.635   -0.01    25.77  8908  2  9 0 0  0.001403    0.016561
2457890.771130   -0.003336    0.004220   8.027  0.0143  3.112 0.154 1.60830   714.850  1764.796   -0.01    26.00  9196  2  9 0 0  0.001346   -0.004325
2457890.789394   -0.007412    0.005331   8.027  0.0258  3.698 0.119 1.76348   714.454  1765.490   -0.01    25.70  6438  2  9 0 0  0.000418   -0.007848
2457890.789836   -0.001076    0.005198   8.027  0.0313  3.415 0.143 1.76795   714.810  1764.994   -0.01    25.61  8273  2  9 0 0  0.000507   -0.001698
2457890.790264    0.006939    0.004474   8.027  0.0366  3.482 0.107 1.77232   715.380  1765.921   -0.01    25.44  7682  2  9 0 0  0.000593    0.006337
2457890.790703    0.000794    0.005725   8.027  0.0282  3.680 0.129 1.77684   714.607  1762.326   -0.01    25.20  6649  2  9 0 0  0.000681    0.000289
2457890.791143   -0.011347    0.005327   8.027  0.0246  3.646 0.137 1.78140   715.214  1765.428   -0.01    25.02  7210  2  9 0 0  0.000769   -0.011892
2457891.727553   -0.012732    0.003978   8.027 -0.0408  5.200 0.173 1.41009   704.918  1771.307    0.00    29.37  3163  2  9 0 0  0.004346   -0.013172
2457891.729451   -0.014755    0.004743   8.027 -0.0616  5.404 0.208 1.41596   717.203  1763.620   -0.00    27.88  2509  2  9 0 0  0.004645   -0.015143
2457891.729884   -0.006422    0.004850   8.027 -0.1132  4.246 0.145 1.41733   715.950  1769.370   -0.01    27.10  2231  2  9 0 0  0.004713   -0.007505
2457891.730335    0.008025    0.008236   8.027 -0.1948  6.675 0.111 1.41878   714.357  1755.929    0.00    26.76   832  2  9 0 0  0.004784    0.008352
2457891.730794   -0.009519    0.004327   8.027 -0.2317  4.239 0.167 1.42028   716.712  1761.917   -0.00    26.59  3209  2  9 0 0  0.004856   -0.010638
2457891.747564    0.006635    0.004253   8.027 -0.0292  4.975 0.217 1.48688   714.729  1772.953   -0.01    23.39  3314  2  9 0 0  0.007024    0.005459
2457891.748004    0.004991    0.003947   8.027 -0.0299  4.685 0.130 1.48897   716.974  1775.550    0.00    23.43  2638  2  9 0 0  0.007016    0.003646
2457891.748439   -0.032734    0.006043   8.027 -0.2291  3.818 0.035 1.49105   716.777  1760.771   -0.01    22.88  2237  2  9 0 0  0.007009   -0.034586
2457891.748895    0.011843    0.004187   8.027 -0.1763  5.778 0.179 1.49325   713.673  1763.610   -0.00    22.45  1489  2  9 0 0  0.007001    0.011143
2457891.749333   -0.010580    0.004007   8.027 -0.0374  5.642 0.225 1.49539   714.327  1762.001   -0.00    22.17  1991  2  9 0 0  0.006994   -0.011358
2457891.775140    0.003799    0.004230   8.027 -0.0207  4.680 0.275 1.65993   713.350  1759.274   -0.00    32.40  3676  2  9 0 0  0.006498    0.002569
2457891.775574   -0.018550    0.004874   8.027 -0.0399  4.209 0.120 1.66346   713.754  1762.862   -0.01    32.38  4649  2  9 0 0  0.006489   -0.020055
2457891.776442   -0.002132    0.005110   8.027 -0.0309  4.856 0.238 1.67059   715.596  1767.454   -0.00    32.35  3900  2  9 0 0  0.006469   -0.003253
2457891.776875    0.007675    0.004858   8.027 -0.0372  4.311 0.160 1.67419   715.230  1763.138   -0.01    32.00  5622  2  9 0 0  0.006459    0.006237
2457892.659373    0.001851    0.003977   8.027 -0.0518  3.243 0.153 1.35363  1332.749   284.525  179.90    24.99  8113  1  9 0 0  0.006989    0.001142
2457892.659814    0.007697    0.003774   8.027 -0.0499  2.986 0.155 1.35313  1331.567   285.129  179.89    25.93  8439  1  9 0 0  0.007078    0.006817
2457892.660243    0.000150    0.003774   8.027 -0.0444  3.768 0.156 1.35266  1332.325   286.165  179.90    25.86  5965  1  9 0 0  0.007166   -0.000291
2457892.660690   -0.000161    0.004197   8.027 -0.0627  3.259 0.163 1.35217  1334.714   284.830  179.90    25.85  8232  1  9 0 0  0.007257   -0.000922
2457892.661127   -0.000141    0.003853   8.027 -0.0495  3.135 0.222 1.35171  1335.178   283.456  179.89    26.52  7514  1  9 0 0  0.007346   -0.000994
2457892.686184   -0.005301    0.004743   8.027 -0.1013  4.874 0.169 1.34472   716.972  1752.491    0.00    23.35  2898  2  9 0 0  0.006753   -0.006476
2457892.686627   -0.045707    0.014878   8.027 -0.2232  5.751 0.221 1.34494   716.598  1762.209   -0.01    23.39  1240  2  9 0 0  0.006760   -0.046368
2457892.687070    0.004313    0.004742   8.027 -0.0545  4.647 0.153 1.34516   714.821  1763.805    0.01    22.58  3944  2  9 0 0  0.006768    0.003002
2457892.687945    0.004115    0.004259   8.027 -0.0410  4.652 0.091 1.34565   711.975  1769.249    0.01    22.65  2884  2  9 0 0  0.006782    0.002804
2457892.715474    0.000546    0.004843   8.027 -0.0337  4.622 0.128 1.38527   714.461  1758.673    0.00    24.55  3415  2  9 0 0  0.007028   -0.000839
2457892.715912   -0.002789    0.004402   8.027 -0.0436  4.839 0.232 1.38630   715.404  1766.360    0.00    23.57  3467  2  9 0 0  0.007027   -0.004046
2457892.716355   -0.009163    0.004197   8.027 -0.0400  3.929 0.187 1.38736   714.790  1761.517   -0.00    22.78  4703  2  9 0 0  0.007025   -0.010953
2457892.716793   -0.009153    0.004651   8.027 -0.1856  5.913 0.209 1.38842   715.638  1761.543   -0.00    22.78  1667  2  9 0 0  0.007024   -0.009779
2457892.717229    0.001801    0.003724   8.027 -0.0331  6.408 0.064 1.38949   712.735  1763.498   -0.00    22.87  1359  2  9 0 0  0.007023    0.001467
2457893.649888   -0.007418    0.003934   8.027  0.0288  3.279 0.112 1.36269  1332.195   288.248  179.89    26.48  8297  1  9 0 0 -0.003432   -0.005756
2457893.650314   -0.001012    0.003731   8.027  0.0317  3.891 0.142 1.36203  1332.406   289.027  179.90    26.09  5359  1  9 0 0 -0.003468    0.001018
2457893.650756   -0.034631    0.003939   8.027  0.0164  3.622 0.104 1.36136  1333.070   289.049  179.89    25.91  6473  1  9 0 0 -0.003504   -0.032751
2457893.651183   -0.001758    0.004170   8.027  0.0179  3.544 0.141 1.36072  1334.106   284.926  179.89    25.82  5799  1  9 0 0 -0.003540    0.000084
2457893.651616    0.000252    0.003633   8.027  0.0193  3.328 0.141 1.36008  1334.671   283.872  179.89    25.47  7548  1  9 0 0 -0.003576    0.001975
2457893.671746   -0.006310    0.004052   8.027  0.0177  4.152 0.039 1.34328  1332.882   287.249  179.90    22.89  4888  1  9 0 0 -0.004589   -0.003875
2457893.672176   -0.004250    0.004119   8.027  0.0298  3.150 0.062 1.34319  1333.636   287.411  179.89    23.41  7879  1  9 0 0 -0.004584   -0.002403
2457893.672602    0.001893    0.003878   8.027  0.0256  3.102 0.092 1.34311  1334.860   286.562  179.89    23.65  8124  1  9 0 0 -0.004579    0.003710
2457893.674003   -0.008083    0.003526   8.027  0.0102  3.389 0.067 1.34292   350.420   962.162    0.03    24.48  7777  2  9 0 0 -0.004563   -0.007577
2457893.674452    0.004786    0.003767   8.027  0.0326  3.668 0.105 1.34289   683.802  1747.788    0.00    24.70  6714  2  9 0 0 -0.004558    0.005455
2457893.699530   -0.008959    0.004324   8.027  0.0161  3.282 0.085 1.36031   715.091  1762.854   -0.00    29.60  7630  2  9 0 0 -0.005952   -0.008202
2457893.699987   -0.017248    0.004551   8.027  0.0088  3.138 0.135 1.36099   715.434  1763.668    0.00    29.52  7374  2  9 0 0 -0.005998   -0.016565
2457893.700426   -0.005568    0.003517   8.027  0.0247  3.196 0.040 1.36165   715.394  1763.551   -0.00    29.55  7580  2  9 0 0 -0.006043   -0.004841
2457893.700852   -0.003787    0.004154   8.027  0.0191  3.274 0.048 1.36231   715.606  1764.137   -0.01    29.35  7764  2  9 0 0 -0.006086   -0.003004
2457893.701296   -0.001061    0.004063   8.027  0.0244  3.200 0.045 1.36301   714.596  1765.880   -0.00    29.55  8644  2  9 0 0 -0.006132   -0.000312
2457893.723412   -0.009567    0.004054   8.027  0.0253  3.302 0.079 1.41458   714.848  1759.916   -0.00    32.54  7841  2  9 0 0 -0.007013   -0.008559
2457893.723846   -0.001682    0.004514   8.027  0.0252  3.460 0.097 1.41594   715.401  1765.460   -0.00    32.91  8115  2  9 0 0 -0.007025   -0.000579
2457893.724285   -0.002409    0.005318   8.027  0.0212  3.462 0.100 1.41734   715.474  1764.275   -0.00    33.33  7102  2  9 0 0 -0.007038   -0.001301
2457893.724717   -0.005203    0.004654   8.027  0.0154  3.360 0.180 1.41873   716.080  1765.104   -0.01    33.75  8744  2  9 0 0 -0.007049   -0.004153
2457893.725159   -0.004039    0.004002   8.027  0.0168  3.398 0.126 1.42017   714.969  1764.428    0.00    33.68  8018  2  9 0 0 -0.006977   -0.002983
2457893.740655   -0.009265    0.004239   8.027  0.0295  3.040 0.138 1.48078   715.073  1761.660   -0.01    42.20  9986  2  9 0 0 -0.004459   -0.008987
2457893.741101    0.001278    0.004561   8.027  0.0307  3.098 0.110 1.48284   715.627  1766.181   -0.00    41.76  9072  2  9 0 0 -0.004386    0.001574
2457893.741530    0.002121    0.004478   8.027  0.0246  2.951 0.098 1.48484   715.626  1764.940    0.00    41.58  9631  2  9 0 0 -0.004316    0.002315
2457893.741974    0.004917    0.004405   8.027  0.0193  3.088 0.076 1.48693   715.801  1764.514   -0.01    41.31  9253  2  9 0 0 -0.004244    0.005175
2457893.742415   -0.016289    0.004172   8.027  0.0251  3.203 0.087 1.48903   715.445  1762.942   -0.01    41.06  8537  2  9 0 0 -0.004173   -0.015979
2457893.761000   -0.005161    0.004314   8.027  0.0285  2.908 0.165 1.59622   714.593  1760.809   -0.01    39.95  9754  2  9 0 0 -0.004411   -0.004971
2457893.761441   -0.003153    0.005116   8.027  0.0287  3.075 0.171 1.59927   715.601  1763.088   -0.01    39.22 10107  2  9 0 0 -0.004428   -0.002861
2457893.761875    0.002795    0.004562   8.027  0.0318  2.897 0.127 1.60229   715.049  1764.208   -0.00    39.30 11765  2  9 0 0 -0.004444    0.002986
2457893.762309    0.001036    0.004389   8.027  0.0342  2.869 0.143 1.60533   714.994  1765.139   -0.00    38.76 11408  2  9 0 0 -0.004460    0.001214
2457893.762750   -0.001866    0.004811   8.027  0.0212  2.831 0.136 1.60845   714.846  1766.023   -0.00    38.09 10878  2  9 0 0 -0.004477   -0.001707
2457893.784449   -0.006926    0.005531   8.027  0.0426  3.087 0.098 1.79950   713.277  1766.994   -0.01    45.12  8788  2  9 0 0 -0.005863   -0.006303
2457893.784888    0.000882    0.004619   8.027  0.0262  3.466 0.147 1.80425   715.275  1766.818   -0.01    44.33  6769  2  9 0 0 -0.005866    0.001728
2457893.785314   -0.011956    0.005393   8.027  0.0365  3.691 0.094 1.80891   715.830  1766.847   -0.01    43.76  6271  2  9 0 0 -0.005832   -0.010986
2457893.785731   -0.006913    0.005752   8.027  0.0367  3.168 0.180 1.81350   715.221  1763.870   -0.01    43.36  8435  2  9 0 0 -0.005799   -0.006258
2457893.786167    0.008895    0.004793   8.027  0.0430  3.205 0.089 1.81834   714.103  1761.633   -0.01    43.14  8347  2  9 0 0 -0.005764    0.009564
2457894.647986   -0.007556    0.003760   8.027 -0.0048  4.291 0.174 1.36131  1332.283   288.996  179.91    32.25  4973  1  9 0 0 -0.003379   -0.005312
2457894.648433    0.011212    0.004822   8.027  0.0241  5.224 0.139 1.36064  1331.500   285.654  179.90    30.97  2840  1  9 0 0 -0.003400    0.014009
2457894.648884    0.001447    0.003772   8.027  0.0076  4.566 0.150 1.35998  1333.520   282.884  179.90    29.92  4133  1  9 0 0 -0.003421    0.003862
2457894.649324   -0.003143    0.003785   8.027  0.0027  4.607 0.199 1.35935  1334.927   284.536  179.90    29.29  3534  1  9 0 0 -0.003442   -0.000699
2457894.649767    0.014410    0.003853   8.027 -0.0028  4.679 0.174 1.35872  1335.097   285.675  179.89    28.66  3811  1  9 0 0 -0.003463    0.016901
2457894.671182   -0.026603    0.003856   8.027 -0.0011  4.933 0.249 1.34293   349.330   970.711    0.03    25.12  2743  2  9 0 0 -0.004445   -0.025217
2457894.671637    0.009899    0.003860   8.027  0.0049  4.117 0.181 1.34289   685.313  1739.847    0.01    24.88  4601  2  9 0 0 -0.004464    0.010811
2457894.672513    0.005262    0.003710   8.027 -0.0140  4.401 0.220 1.34286   757.060  1763.907    0.02    23.94  4780  2  9 0 0 -0.004501    0.006349
2457894.672950   -0.001630    0.004024   8.027  0.0049  4.240 0.097 1.34286   720.654  1759.949    0.00    23.64  4839  2  9 0 0 -0.004519   -0.000634
2457894.699719    0.011567    0.003858   8.027  0.0117  4.042 0.178 1.36500   714.601  1762.174    0.01    23.61  5391  2  9 0 0 -0.004075    0.012347
2457894.700165   -0.005555    0.003697   8.027  0.0068  4.129 0.155 1.36574   715.293  1764.718    0.00    23.32  5012  2  9 0 0 -0.004047   -0.004731
2457894.700607    0.005349    0.003876   8.027  0.0088  4.197 0.088 1.36649   715.047  1767.023    0.00    23.25  4743  2  9 0 0 -0.004020    0.006207
2457894.701057   -0.003016    0.004045   8.027  0.0030  4.110 0.186 1.36727   715.167  1763.572    0.01    23.60  5092  2  9 0 0 -0.003992   -0.002216
2457894.701498   -0.006280    0.003991   8.027  0.0044  4.104 0.152 1.36805   715.318  1763.376   -0.00    23.84  5728  2  9 0 0 -0.003965   -0.005489
2457894.722189    0.000632    0.004626   8.027  0.0104  3.296 0.124 1.41962   714.082  1763.709    0.00    24.32  8179  2  9 0 0 -0.004147    0.000990
2457894.722623   -0.006839    0.003829   8.027 -0.0034  3.441 0.100 1.42104   715.045  1764.569    0.00    24.60  7385  2  9 0 0 -0.004157   -0.006393
2457894.723058    0.007610    0.004511   8.027  0.0144  3.173 0.098 1.42248   715.408  1765.652   -0.00    24.73  7654  2  9 0 0 -0.004166    0.007900
2457894.723487   -0.004980    0.003802   8.027  0.0094  3.178 0.101 1.42390   715.075  1760.808   -0.00    24.23  8933  2  9 0 0 -0.004175   -0.004685
2457894.723928   -0.003368    0.004115   8.027  0.0086  3.050 0.118 1.42539   716.171  1762.045    0.00    23.46  8911  2  9 0 0 -0.004185   -0.003146
2457894.742091    0.013389    0.003906   8.027  0.0214  3.283 0.130 1.50115   714.421  1764.513   -0.01    26.32  8516  2  9 0 0 -0.003746    0.013649
2457894.742510   -0.001245    0.004340   8.027  0.0056  3.236 0.107 1.50326   714.735  1762.626   -0.00    26.88  8526  2  9 0 0 -0.003735   -0.001015
2457894.742948   -0.001029    0.004089   8.027  0.0135  3.287 0.130 1.50549   714.781  1762.618   -0.01    26.87  8705  2  9 0 0 -0.003724   -0.000772
2457894.743384    0.010073    0.004512   8.027  0.0060  3.158 0.163 1.50773   714.693  1764.856   -0.00    26.60  8285  2  9 0 0 -0.003713    0.010252
2457894.743837   -0.004559    0.004642   8.027  0.0117  3.182 0.158 1.51007   714.725  1765.812    0.00    26.32  8314  2  9 0 0 -0.003701   -0.004368
2457894.760483   -0.018427    0.004160   8.027  0.0189  3.198 0.119 1.61227   714.393  1761.884   -0.00    31.02  8789  2  9 0 0 -0.002159   -0.018575
2457894.760926   -0.005852    0.004880   8.027  0.0073  3.233 0.097 1.61547   714.878  1768.618   -0.01    31.21  8223  2  9 0 0 -0.002116   -0.005989
2457894.761375   -0.006230    0.004902   8.027  0.0166  3.163 0.132 1.61873   714.964  1763.805   -0.01    31.39  9742  2  9 0 0 -0.002073   -0.006418
2457894.761806   -0.007812    0.004578   8.027  0.0163  3.215 0.146 1.62189   714.412  1764.122   -0.00    31.64  7978  2  9 0 0 -0.002032   -0.007978
2457894.762239   -0.003468    0.004213   8.027  0.0233  3.126 0.129 1.62509   714.637  1762.321   -0.01    31.74  9170  2  9 0 0 -0.001990   -0.003696
2457894.784962    0.013165    0.004908   8.027  0.0277  3.161 0.170 1.83644   714.011  1764.842   -0.01    37.40  9310  2  9 0 0 -0.001525    0.012852
2457894.785398    0.013067    0.004719   8.027  0.0339  3.142 0.155 1.84147   714.317  1766.578   -0.01    36.86  8860  2  9 0 0 -0.001519    0.012742
2457894.785836   -0.009900    0.005125   8.027  0.0244  3.164 0.183 1.84658   714.878  1764.682   -0.01    36.97  9546  2  9 0 0 -0.001513   -0.010214
2457894.786281    0.010972    0.004982   8.027  0.0308  3.151 0.152 1.85182   714.331  1760.889   -0.01    37.14  9169  2  9 0 0 -0.001507    0.010650
2457894.786715   -0.012435    0.005831   8.027  0.0308  3.085 0.175 1.85696   714.475  1764.002   -0.02    37.44  8902  2  9 0 0 -0.001501   -0.012798
2457895.648367    0.000320    0.004227   8.027 -0.0036  3.259 0.145 1.35682  1333.245   287.208  179.89    30.34  7913  1  9 0 0 -0.003095    0.001895
2457895.648799    0.002530    0.003859   8.027 -0.0016  3.474 0.134 1.35626  1333.289   288.300  179.88    30.01  6969  1  9 0 0 -0.003140    0.004241
2457895.649229    0.002117    0.004038   8.027  0.0133  4.320 0.364 1.35572  1333.173   284.038  179.90    29.60  4693  1  9 0 0 -0.003184    0.004334
2457895.649675   -0.005960    0.004058   8.027  0.0032  4.071 0.258 1.35517  1334.142   286.601  179.90    29.55  5305  1  9 0 0 -0.003231   -0.003878
2457895.650111   -0.001908    0.004044   8.027 -0.0031  3.615 0.219 1.35464  1334.661   287.432  179.90    29.40  6749  1  9 0 0 -0.003276   -0.000084
2457895.674546    0.002527    0.003683   8.027 -0.0328  4.312 0.229 1.34351   714.006  1758.319    0.01    26.85  4127  2  9 0 0 -0.005404    0.003765
2457895.674988    0.001610    0.003518   8.027 -0.0124  3.888 0.266 1.34364   714.253  1760.656    0.01    25.96  5882  2  9 0 0 -0.005431    0.002605
2457895.675414    0.002472    0.003578   8.027  0.0115  3.358 0.126 1.34378   714.842  1763.211   -0.00    25.78  7968  2  9 0 0 -0.005458    0.003162
2457895.675860    0.002267    0.004066   8.027  0.0133  4.075 0.260 1.34393   715.189  1761.969    0.00    25.80  5331  2  9 0 0 -0.005486    0.003384
2457895.676302   -0.001872    0.003982   8.027 -0.0614  3.925 0.204 1.34409   715.438  1760.061    0.01    25.73  4369  2  9 0 0 -0.005513   -0.000837
2457895.696435   -0.010791    0.004172   8.027  0.0193  5.161 0.207 1.36420   715.438  1758.562    0.00    27.92  2772  2  9 0 0 -0.005247   -0.009090
2457895.696893   -0.003714    0.003828   8.027 -0.0023  3.473 0.176 1.36496   715.425  1764.857    0.00    27.55  7668  2  9 0 0 -0.005216   -0.003010
2457895.697321    0.007248    0.004128   8.027 -0.0043  3.129 0.100 1.36567   715.397  1766.217   -0.00    27.30  8324  2  9 0 0 -0.005188    0.007743
2457895.697756   -0.006406    0.004956   8.027  0.0070  5.679 0.250 1.36641   717.034  1761.742    0.00    27.44  2079  2  9 0 0 -0.005160   -0.004421
2457895.698191    0.004525    0.003640   8.027  0.0002  3.157 0.163 1.36717   713.719  1766.839    0.00    27.20  8869  2  9 0 0 -0.005131    0.005024
2457895.715492    0.001828    0.003903   8.027 -0.0019  3.409 0.172 1.40754   715.010  1770.017    0.00    22.85  7885  2  9 0 0 -0.003667    0.002144
2457895.715931    0.004895    0.004219   8.027 -0.0063  4.169 0.284 1.40885   716.409  1764.140    0.00    21.95  4807  2  9 0 0 -0.003625    0.005648
2457895.716359    0.001017    0.004106   8.027 -0.0055  3.904 0.152 1.41013   715.432  1765.424   -0.00    21.87  5566  2  9 0 0 -0.003584    0.001605
2457895.716799   -0.004208    0.004086   8.027 -0.0042  3.839 0.195 1.41147   714.710  1763.352    0.00    21.70  6013  2  9 0 0 -0.003542   -0.003667
2457895.717236   -0.011243    0.004110   8.027 -0.0050  4.811 0.274 1.41281   715.274  1762.764   -0.00    21.57  3007  2  9 0 0 -0.003500   -0.010142
2457895.739838    0.004328    0.004145   8.027 -0.0043  4.392 0.281 1.50393   713.392  1763.909   -0.00    26.65  4275  2  9 0 0 -0.002884    0.005044
2457895.740274   -0.003152    0.005078   8.027  0.0151  4.589 0.284 1.50615   715.025  1764.731   -0.00    26.45  3687  2  9 0 0 -0.002886   -0.002319
2457895.740713   -0.015875    0.004452   8.027  0.0099  3.726 0.200 1.50841   715.416  1764.213    0.00    26.39  5517  2  9 0 0 -0.002889   -0.015548
2457895.741157    0.006291    0.004053   8.027  0.0037  3.860 0.235 1.51071   715.109  1762.593   -0.00    26.20  5907  2  9 0 0 -0.002891    0.006697
2457895.741608    0.000596    0.003990   8.027  0.0018  3.652 0.261 1.51307   714.166  1763.770   -0.01    26.41  7251  2  9 0 0 -0.002894    0.000880
2457895.761857   -0.005841    0.004644   8.027  0.0282  3.773 0.226 1.64348   713.214  1758.858   -0.01    30.35  7067  2  9 0 0 -0.003368   -0.005379
2457895.762293   -0.000916    0.005345   8.027  0.0146  4.595 0.089 1.64688   715.341  1760.313   -0.01    29.89  3796  2  9 0 0 -0.003380    0.000031
2457895.762732   -0.001858    0.004478   8.027  0.0114  4.745 0.133 1.65034   714.792  1765.166   -0.01    29.64  3642  2  9 0 0 -0.003392   -0.000820
2457895.763149   -0.011695    0.004640   8.027  0.0221  4.924 0.257 1.65364   715.385  1766.173   -0.01    29.63  3167  2  9 0 0 -0.003403   -0.010549
2457895.763579    0.001309    0.004842   8.027  0.0311  4.074 0.161 1.65709   714.167  1767.357   -0.00    29.68  5287  2  9 0 0 -0.003414    0.001959
2457895.787244    0.010603    0.005600   8.027  0.0169  4.826 0.112 1.89802   713.786  1763.583    0.00    30.34  3471  2  9 0 0 -0.004614    0.011964
2457895.787687    0.000981    0.004831   8.027  0.0343  4.141 0.135 1.90370   714.909  1768.107   -0.02    29.96  5409  2  9 0 0 -0.004608    0.001939
2457895.788123   -0.014684    0.005621   8.027  0.0303  4.946 0.161 1.90934   715.302  1764.912   -0.02    30.00  3620  2  9 0 0 -0.004602   -0.013255
2457895.788553   -0.001760    0.005712   8.027 -0.0009  4.069 0.144 1.91494   714.744  1764.757   -0.01    30.06  4889  2  9 0 0 -0.004596   -0.000847
2457895.788991    0.005279    0.005426   8.027  0.0158  3.930 0.117 1.92069   714.953  1762.043   -0.01    29.89  5545  2  9 0 0 -0.004590    0.006109
2457896.649146   -0.014136    0.004584   8.027 -0.0171  3.303 0.122 1.35254  1334.667   286.175  179.90    30.26  7136  1  9 0 0 -0.002348   -0.012704
2457896.649586   -0.009794    0.004754   8.027 -0.0323  4.229 0.182 1.35206  1333.064   283.397  179.90    30.23  4448  1  9 0 0 -0.002338   -0.007821
2457896.650026    0.010489    0.004943   8.027 -0.0241  3.166 0.111 1.35160  1333.699   288.218  179.89    30.33  8454  1  9 0 0 -0.002327    0.011835
2457896.650457    0.003973    0.004228   8.027 -0.0194  3.238 0.161 1.35117  1335.446   286.410  179.90    30.08  6675  1  9 0 0 -0.002317    0.005360
2457896.650896    0.000421    0.004786   8.027 -0.0090  4.036 0.336 1.35073  1335.335   289.959  179.89    29.60  5414  1  9 0 0 -0.002306    0.002273
2457896.676405    0.006991    0.004249   8.027 -0.0089  4.524 0.239 1.34546   716.736  1758.112    0.00    29.55  4340  2  9 0 0 -0.002308    0.007655
2457896.676857    0.002303    0.003701   8.027 -0.0070  2.693 0.080 1.34572   715.939  1764.749    0.01    29.30 11863  2  9 0 0 -0.002320    0.001895
2457896.677305    0.012410    0.003718   8.027 -0.0102  3.339 0.159 1.34599   716.079  1765.841    0.01    28.92  6408  2  9 0 0 -0.002332    0.012384
2457896.677740    0.014862    0.004437   8.027 -0.0054  2.955 0.115 1.34626   714.738  1767.055    0.01    28.65  9178  2  9 0 0 -0.002344    0.014613
2457896.678186    0.004816    0.004464   8.027 -0.0142  3.125 0.121 1.34655   715.532  1762.365    0.01    28.64  8363  2  9 0 0 -0.002357    0.004670
2457897.654235    0.003800    0.004883   8.027 -0.0244  3.853 0.091 1.34588  1334.617   281.677  179.89    21.29  5809  1  9 0 0 -0.003741    0.005869
2457897.654681   -0.006683    0.004843   8.027 -0.0180  4.442 0.196 1.34562  1333.522   290.556  179.90    21.75  4125  1  9 0 0 -0.003775   -0.004261
2457897.655118   -0.004970    0.003966   8.027 -0.0208  3.754 0.153 1.34538  1334.327   287.888  179.89    22.05  6606  1  9 0 0 -0.003808   -0.002944
2457897.655564   -0.005575    0.003532   8.027 -0.0155  3.625 0.191 1.34514  1334.440   287.062  179.90    22.43  6408  1  9 0 0 -0.003841   -0.003618
2457897.655998   -0.008819    0.004355   8.027 -0.0228  4.645 0.076 1.34492  1335.078   283.249  179.89    22.86  3635  1  9 0 0 -0.003874   -0.006255
2457897.688052   -0.002975    0.004219   8.027 -0.0542  4.806 0.231 1.35993   716.213  1767.521    0.00    20.20  2851  2  9 0 0 -0.005856   -0.001346
2457897.688507    0.004360    0.007552   8.027 -0.5458  5.195 0.222 1.36060   713.661  1751.272    0.01    19.98   448  2  9 0 0 -0.005846    0.006216
2457897.688950    0.003689    0.003682   8.027 -0.0155  3.080 0.140 1.36126   716.505  1767.469    0.00    19.81  8348  2  9 0 0 -0.005836    0.004301
2457897.689380    0.000345    0.003889   8.027 -0.0268  5.021 0.205 1.36192   716.700  1756.120    0.00    19.52  3032  2  9 0 0 -0.005826    0.002094
2457897.689804    0.004962    0.004133   8.027 -0.0262  3.662 0.256 1.36257   715.485  1768.413    0.01    19.41  6049  2  9 0 0 -0.005816    0.005911
2457897.712105   -0.004694    0.003912   8.027 -0.0104  4.392 0.287 1.41430   712.541  1764.055   -0.00    20.82  4753  2  9 0 0 -0.005092   -0.003480
2457897.713003    0.008701    0.004488   8.027 -0.0042  4.048 0.188 1.41713   716.950  1764.989    0.00    19.91  3880  2  9 0 0 -0.005046    0.009704
2457897.713451    0.010534    0.004369   8.027 -0.0108  5.747 0.227 1.41857   714.722  1760.544    0.00    19.26  2031  2  9 0 0 -0.005024    0.012529
2457897.729932    0.002607    0.004397   8.027  0.0026  2.778 0.140 1.48306   714.050  1767.999   -0.00    21.48 10701  2  9 0 0 -0.004933    0.002839
2457897.730821   -0.003668    0.004252   8.027 -0.0012  3.724 0.248 1.48723   715.645  1755.914    0.00    21.47  6008  2  9 0 0 -0.005008   -0.002864
2457897.731262   -0.000180    0.004340   8.027  0.0043  2.737 0.096 1.48932   715.382  1766.969    0.00    21.34 12284  2  9 0 0 -0.005045    0.000052
2457897.731697   -0.004412    0.004443   8.027  0.0003  2.858 0.138 1.49141   715.140  1768.130    0.00    21.34 11323  2  9 0 0 -0.005082   -0.004100
2457897.753587    0.002492    0.004709   8.027  0.0214  4.447 0.200 1.62332   715.520  1762.356   -0.00    25.35  3497  2  9 0 0 -0.007411    0.004262
2457897.754462    0.002071    0.005218   8.027 -0.0382  6.493 0.151 1.62984   715.430  1768.961    0.00    24.61  1427  2  9 0 0 -0.007532    0.005069
2457897.755337    0.003117    0.005325   8.027 -0.0516  5.176 0.226 1.63647   713.463  1764.824   -0.01    23.78  1905  2  9 0 0 -0.007652    0.005369
2457897.783269   -0.000211    0.005784   8.027  0.0310  5.187 0.344 1.91921   713.869  1760.405   -0.01    31.76  3000  2  9 0 0 -0.009749    0.002521
2457897.783711   -0.014189    0.007564   8.027 -0.0063  5.509 0.218 1.92507   716.124  1767.541   -0.01    31.23  1843  2  9 0 0 -0.009768   -0.011264
2457897.784161    0.014635    0.005965   8.027  0.0374  4.639 0.306 1.93108   715.366  1764.428   -0.01    30.48  3373  2  9 0 0 -0.009789    0.017054
2457897.784602    0.006833    0.005147   8.027  0.0222  5.710 0.179 1.93702   717.012  1765.027   -0.02    30.00  1990  2  9 0 0 -0.009811    0.009886
2457897.785045    0.000866    0.005445   8.027  0.0284  4.472 0.219 1.94304   715.169  1764.853   -0.01    29.87  3471  2  9 0 0 -0.009837    0.003198
2457898.649071    0.001758    0.003948   8.027 -0.2793  4.180 0.127 1.34747  1330.221   291.048  179.90    36.31  3908  1  9 0 0  0.000117    0.003148
2457898.649515    0.003881    0.005109   8.027 -0.2598  3.624 0.232 1.34715  1331.674   288.406  179.89    35.88  4876  1  9 0 0  0.000073    0.004956
2457898.649962    0.017635    0.008358   8.027 -0.5290  4.357 0.165 1.34683  1334.563   284.021  179.90    35.59  1853  1  9 0 0  0.000028    0.019150
2457898.650418    0.005828    0.005825   8.027 -0.2425  4.682 0.234 1.34652  1336.453   283.591  179.89    35.21  3041  1  9 0 0 -0.000017    0.007543
2457898.650862    0.008772    0.004638   8.027 -0.2529  4.538 0.263 1.34623  1336.273   286.300  179.90    35.22  3150  1  9 0 0 -0.000062    0.010413
2457898.671053   -0.001012    0.004210   8.027 -0.1283  3.691 0.250 1.34561   713.509  1760.396    0.00    31.52  4452  2  9 0 0 -0.000947   -0.001144
2457898.671509    0.006840    0.004074   8.027 -0.0790  3.539 0.383 1.34588   714.660  1764.869    0.01    31.40  6134  2  9 0 0 -0.000916    0.006612
2457898.671955    0.008844    0.004330   8.027 -0.0944  3.184 0.310 1.34615   714.584  1765.832    0.01    31.22  6201  2  9 0 0 -0.000885    0.008401
2457898.672404    0.001688    0.003927   8.027 -0.0782  3.757 0.304 1.34644   714.997  1764.597    0.01    31.06  5477  2  9 0 0 -0.000854    0.001574
2457898.672846   -0.006474    0.004302   8.027 -0.0655  2.967 0.123 1.34674   714.984  1763.069   -0.00    31.12  9783  2  9 0 0 -0.000823   -0.007058
2457898.692706   -0.007898    0.003990   8.027 -0.1108  4.200 0.254 1.37256   715.713  1752.574    0.00    31.16  4468  2  9 0 0 -0.000084   -0.007926
2457898.693150    0.015699    0.006305   8.027 -0.1854  3.640 0.203 1.37343   715.981  1758.000    0.00    31.11  4726  2  9 0 0 -0.000087    0.015344
2457898.693585   -0.004083    0.005139   8.027 -0.2134  3.153 0.120 1.37429   715.648  1760.720    0.00    30.62  5292  2  9 0 0 -0.000090   -0.004724
2457898.694035    0.008930    0.005151   8.027 -0.1875  3.564 0.223 1.37519   715.338  1765.581    0.00    31.17  5752  2  9 0 0 -0.000093    0.008531
2457898.694476   -0.008985    0.006139   8.027 -0.3059  4.448 0.229 1.37609   713.201  1769.220    0.00    32.15  3068  2  9 0 0 -0.000096   -0.008864
2457898.713301   -0.003741    0.007412   8.027 -0.4051  3.945 0.287 1.42741   715.869  1765.004   -0.00    29.10  4358  2  9 0 0 -0.001074   -0.003695
2457898.713740   -0.007746    0.005053   8.027 -0.3213  3.709 0.210 1.42893   714.152  1762.664    0.00    28.40  4588  2  9 0 0 -0.001119   -0.007828
2457898.714182    0.020517    0.006079   8.027 -0.2773  3.192 0.238 1.43047   715.218  1758.679   -0.00    28.12  6940  2  9 0 0 -0.001164    0.020142
2457898.714619   -0.035574    0.006441   8.027 -0.4531  3.162 0.390 1.43201   714.657  1761.827   -0.00    28.96  4532  2  9 0 0 -0.001208   -0.035957
2457898.732984   -0.000260    0.012364   8.027 -0.2748  3.647 0.129 1.51198   713.703  1763.096   -0.01    30.44  5299  2  9 0 0 -0.003134    0.000075
2457898.733405    0.009482    0.008964   8.027 -0.3503  3.214 0.078 1.51419   715.247  1762.771   -0.00    30.51  5828  2  9 0 0 -0.003179    0.009574
2457898.733843    0.011715    0.005859   8.027 -0.5150  4.555 0.260 1.51651   716.307  1767.073   -0.01    30.95  3179  2  9 0 0 -0.003226    0.012604
2457898.734270   -0.009858    0.007186   8.027 -0.4349  3.855 0.321 1.51879   714.748  1764.431   -0.00    30.47  3814  2  9 0 0 -0.003272   -0.009369
2457898.734711    0.011571    0.004888   8.027 -0.3205  3.626 0.141 1.52117   713.588  1761.569   -0.00    30.06  4802  2  9 0 0 -0.003320    0.011936
2457898.756138   -0.032976    0.013060   8.027 -0.5054  4.309 0.298 1.66499   713.559  1760.686   -0.01    34.30  3218  2  9 0 0 -0.003168   -0.032244
2457898.756587   -0.056417    0.034444   8.027 -1.2504  3.993 0.264 1.66868   713.616  1764.653   -0.00    34.57  1287  2  9 0 0 -0.003123   -0.055881
2457898.757046   -0.051286    0.031512   8.027 -1.7097  3.642 0.195 1.67248   715.382  1764.228   -0.01    34.57  1654  2  9 0 0 -0.003076   -0.050966
2457898.757496    0.096889    0.020401   8.027 -1.9649  4.811 0.266 1.67624   714.512  1767.178   -0.01    34.32   467  2  9 0 0 -0.003031    0.097885
2457898.757952   -0.031241    0.051653   8.027 -1.7013  3.425 0.198 1.68009   715.008  1764.249   -0.00    33.70  1552  2  9 0 0 -0.002985   -0.031070
2457898.780276    0.002330    0.013593   8.027 -1.5381  3.946 0.248 1.91675   716.726  1763.704   -0.01    34.11  1436  2  9 0 0 -0.003201    0.002856
2457898.781167    0.087735    0.034879   8.027 -1.6630  3.949 0.260 1.92856   716.233  1769.464   -0.01    34.00  1095  2  9 0 0 -0.003249    0.088274
2457898.781616    0.029227    0.009117   8.027 -1.3655  3.651 0.203 1.93459   714.808  1763.633   -0.01    33.91  1668  2  9 0 0 -0.003273    0.029597
2457898.782051    0.010695    0.021345   8.027 -1.2381  4.153 0.254 1.94049   714.541  1764.736   -0.01    33.70  1655  2  9 0 0 -0.003297    0.011365
2457900.638045   -0.008322    0.004324   8.027 -0.0165  4.788 0.295 1.35240  1333.662   284.073  179.89   169.86  3448  1  9 0 0 -0.002995   -0.005873
2457900.639388    0.000899    0.005156   8.027 -0.0058  6.014 0.142 1.35101  1332.801   280.957  179.90   129.70  1792  1  9 0 0 -0.002992    0.004067
2457900.656897    0.000261    0.004043   8.027 -0.1007  4.584 0.138 1.34289   716.247  1767.943    0.00    18.96  2878  2  9 0 0 -0.003247    0.001172
2457900.657328    0.002573    0.004187   8.027 -0.0188  4.257 0.305 1.34292   717.655  1767.043    0.01    17.81  4620  2  9 0 0 -0.003256    0.003294
2457900.657778   -0.024294    0.004416   8.027 -0.4514  3.925 0.206 1.34297   714.779  1765.591    0.01    17.74  2052  2  9 0 0 -0.003265   -0.023766
2457900.658219   -0.007890    0.004752   8.027 -0.0051  4.300 0.224 1.34303   716.226  1763.864    0.01    17.15  4981  2  9 0 0 -0.003275   -0.007139
2457900.658648   -0.009271    0.003912   8.027 -0.0288  3.484 0.287 1.34309   716.107  1758.249    0.01    17.21  5543  2  9 0 0 -0.003284   -0.008997
2457900.687546   -0.000546    0.004646   8.027 -0.0036  4.095 0.290 1.37345   714.366  1761.156    0.00    20.88  4860  2  9 0 0 -0.005207    0.000520
2457900.687984    0.003029    0.004060   8.027 -0.0907  3.915 0.225 1.37431   715.268  1760.578    0.00    20.22  4408  2  9 0 0 -0.005176    0.003982
2457900.688421   -0.004406    0.003646   8.027 -0.0055  3.756 0.250 1.37519   716.848  1768.993   -0.00    19.94  5566  2  9 0 0 -0.005146   -0.003553
2457900.688854    0.003824    0.003819   8.027 -0.0058  3.824 0.259 1.37608   715.045  1765.788    0.00    19.79  5403  2  9 0 0 -0.005116    0.004711
2457900.689285    0.002503    0.003822   8.027 -0.0150  3.606 0.251 1.37697   714.540  1763.007   -0.00    19.70  6797  2  9 0 0 -0.005086    0.003255
2457900.710083   -0.002678    0.004430   8.027  0.0004  5.025 0.216 1.43588   714.763  1762.285   -0.00    19.41  3167  2  9 0 0 -0.004218   -0.001289
2457900.710530    0.017906    0.004237   8.027  0.0067  3.831 0.168 1.43751   714.489  1759.289   -0.00    18.83  5168  2  9 0 0 -0.004231    0.018597
2457900.710980   -0.029689    0.004778   8.027 -0.0008  5.086 0.305 1.43917   715.309  1773.146   -0.00    18.46  2309  2  9 0 0 -0.004244   -0.028258
2457900.711814    0.012728    0.004387   8.027 -0.0171  4.348 0.265 1.44230   713.710  1765.482   -0.01    18.04  4588  2  9 0 0 -0.004267    0.013730
2457900.732783    0.001490    0.005658   8.027  0.0048  3.904 0.279 1.54188   715.486  1764.551   -0.00    16.63  6224  2  9 0 0 -0.004504    0.002285
2457900.733220   -0.009950    0.006310   8.027 -0.0055  4.797 0.264 1.54443   714.387  1762.221    0.00    15.99  2938  2  9 0 0 -0.004498   -0.008631
2457900.733653    0.013101    0.006470   8.027 -0.0803  6.880 0.050 1.54699   713.039  1744.543    0.01    15.60   680  2  9 0 0 -0.004492    0.015640
2457900.734566   -0.001686    0.004594   8.027 -0.0011  4.558 0.349 1.55244   716.266  1781.168   -0.01    15.09  4418  2  9 0 0 -0.004480   -0.000512
2457900.757384   -0.000719    0.005192   8.027  0.0104  3.898 0.250 1.72497   715.167  1761.733   -0.01    18.36  5728  2  9 0 0 -0.004911    0.000165
2457900.757829   -0.007193    0.005471   8.027  0.0083  3.446 0.174 1.72913   716.388  1766.540   -0.00    17.94  5349  2  9 0 0 -0.004930   -0.006570
2457900.758265    0.006730    0.004357   8.027  0.0203  4.092 0.250 1.73325   716.180  1765.141   -0.01    17.60  4947  2  9 0 0 -0.004949    0.007736
2457900.758691   -0.018804    0.005444   8.027  0.0032  3.908 0.262 1.73731   715.794  1766.134   -0.00    17.65  4604  2  9 0 0 -0.004967   -0.017901
2457900.759101   -0.080511    0.020790   8.027 -1.7803  5.109 0.164 1.74125   716.478  1775.470   -0.00    18.15   317  2  9 0 0 -0.004984   -0.078900
2457900.780616   -0.002883    0.005617   8.027  0.0233  3.911 0.176 1.99990   713.626  1762.841   -0.01    27.01  5671  2  9 0 0 -0.005923   -0.001763
2457900.781059   -0.004747    0.006847   8.027  0.0359  3.497 0.216 2.00651   715.702  1766.197   -0.01    26.58  5096  2  9 0 0 -0.005943   -0.003866
2457900.781495   -0.000459    0.005749   8.027  0.0348  5.164 0.256 2.01307   714.110  1765.021   -0.01    26.26  3111  2  9 0 0 -0.005962    0.001405
2457900.781931   -0.003465    0.006131   8.027  0.0314  5.633 0.199 2.01970   714.073  1764.479   -0.01    25.92  2322  2  9 0 0 -0.005981   -0.001321
2457900.782373   -0.006742    0.006700   8.027  0.0358  5.962 0.205 2.02648   716.122  1770.474   -0.01    26.00  1839  2  9 0 0 -0.006000   -0.004402
2457901.652874   -0.004252    0.005664   8.027 -0.0849  3.099 0.168 1.34286   745.761  1764.552    0.01    24.67  7647  2  9 0 0 -0.005230   -0.003766
2457901.653312   -0.001036    0.003964   8.027 -0.0135  3.261 0.266 1.34286   717.844  1758.982    0.00    23.86  7086  2  9 0 0 -0.005214   -0.000457
2457901.653767   -0.002901    0.003975   8.027 -0.0148  2.784 0.178 1.34288   716.029  1760.948    0.01    23.40 11514  2  9 0 0 -0.005198   -0.002607
2457901.654213   -0.013441    0.004251   8.027 -0.0156  2.646 0.088 1.34290   715.505  1764.479    0.01    23.16 10631  2  9 0 0 -0.005181   -0.013231
2457901.679611   -0.011032    0.004328   8.027 -0.0194  2.794 0.100 1.36423   713.943  1762.887    0.00    21.25 11237  2  9 0 0 -0.004564   -0.010875
2457901.680052   -0.004591    0.004816   8.027 -0.0208  4.170 0.095 1.36495   716.992  1764.427    0.00    20.89  3739  2  9 0 0 -0.004557   -0.003627
2457901.680507   -0.001493    0.003931   8.027 -0.0159  3.058 0.192 1.36572   715.653  1765.149    0.00    20.78  9134  2  9 0 0 -0.004549   -0.001184
2457901.680940    0.005610    0.003923   8.027 -0.0189  2.959 0.193 1.36645   715.497  1766.095    0.00    20.85  8698  2  9 0 0 -0.004542    0.005860
2457901.702315   -0.006850    0.004379   8.027 -0.0148  2.691 0.099 1.41887   714.695  1761.986    0.00    26.01 12272  2  9 0 0 -0.004863   -0.006686
2457901.702750    0.003297    0.004366   8.027 -0.0174  2.650 0.147 1.42028   715.604  1764.373    0.00    26.31 11824  2  9 0 0 -0.004872    0.003439
2457901.703186    0.002813    0.003995   8.027 -0.0158  3.101 0.161 1.42172   716.238  1765.943    0.00    26.34  8945  2  9 0 0 -0.004881    0.003223
2457901.703636    0.000017    0.004387   8.027 -0.0137  4.450 0.243 1.42321   716.491  1757.913    0.00    26.06  4264  2  9 0 0 -0.004890    0.001220
2457901.704079    0.001092    0.004514   8.027 -0.0132  3.044 0.201 1.42470   714.338  1764.065   -0.00    25.96  9276  2  9 0 0 -0.004899    0.001472
2457901.721569   -0.004288    0.004084   8.027 -0.0185  2.771 0.123 1.49678   713.737  1761.308   -0.00    24.00 11026  2  9 0 0 -0.004315   -0.004200
2457901.722025    0.003628    0.004489   8.027 -0.0211  3.165 0.260 1.49904   714.546  1764.096   -0.01    23.07  6341  2  9 0 0 -0.004300    0.003943
2457901.722470   -0.000552    0.004341   8.027 -0.0032  3.338 0.272 1.50127   715.027  1765.926   -0.00    22.38  6404  2  9 0 0 -0.004285   -0.000138
2457901.722910   -0.003919    0.004641   8.027 -0.0240  2.845 0.131 1.50348   715.536  1764.067   -0.01    21.99 10392  2  9 0 0 -0.004270   -0.003798
2457901.723347   -0.010243    0.004395   8.027 -0.0207  3.260 0.263 1.50570   716.158  1762.128    0.00    21.94  6974  2  9 0 0 -0.004255   -0.009882
2457901.758185    0.000329    0.005424   8.027 -0.0118  3.048 0.097 1.75985   714.525  1762.046   -0.01    27.48  8521  2  9 0 0 -0.006839    0.001149
2457901.758627   -0.002305    0.004461   8.027 -0.0032  3.794 0.255 1.76429   716.086  1768.085   -0.01    27.15  6238  2  9 0 0 -0.006850   -0.001045
2457901.759065   -0.006622    0.004961   8.027 -0.0086  3.117 0.089 1.76873   715.561  1766.537   -0.01    26.82  8229  2  9 0 0 -0.006862   -0.005757
2457901.759504    0.003441    0.005516   8.027 -0.0094  3.079 0.104 1.77323   714.792  1763.141   -0.01    26.38  9231  2  9 0 0 -0.006873    0.004286
2457901.759934    0.006249    0.004999   8.027 -0.0067  3.109 0.173 1.77766   714.640  1761.839   -0.01    26.07  8634  2  9 0 0 -0.006884    0.007115
2457902.649402   -0.000322    0.004396   8.027 -0.0212  2.874 0.101 1.34288   711.485  1759.301    0.00    28.87  8517  2  9 0 0 -0.001629   -0.000780
2457902.650286    0.030701    0.025602   8.027 -0.5114  4.410 0.364 1.34286   745.964  1810.504    0.02    27.56   677  2  9 0 0 -0.001727    0.031167
2457902.650714   -0.000527    0.004572   8.027 -0.0439  3.240 0.076 1.34287   717.333  1703.639    0.01    26.90  8902  2  9 0 0 -0.001775   -0.000737
2457902.651142    0.003415    0.003789   8.027 -0.0260  3.192 0.083 1.34289   714.222  1761.366   -0.00    26.64  8349  2  9 0 0 -0.001823    0.003188
2457902.682287   -0.001946    0.003929   8.027 -0.0329  3.726 0.273 1.37416   713.641  1764.118    0.01    24.16  6078  2  9 0 0 -0.003945   -0.001382
2457902.682728    0.005907    0.003685   8.027 -0.0327  4.199 0.328 1.37505   714.888  1766.605   -0.00    23.62  5201  2  9 0 0 -0.003961    0.006753
2457902.683168    0.017625    0.004137   8.027 -0.0315  4.022 0.256 1.37594   715.555  1765.371    0.01    23.11  5283  2  9 0 0 -0.003978    0.018371
2457902.683608   -0.002347    0.003862   8.027 -0.0301  3.073 0.203 1.37685   714.497  1763.061    0.00    22.71  8646  2  9 0 0 -0.003994   -0.002154
2457902.684049    0.000041    0.004244   8.027 -0.0396  3.983 0.286 1.37778   715.001  1761.564    0.01    22.52  5462  2  9 0 0 -0.004011    0.000772
2457902.704344    0.001519    0.005015   8.027 -0.0299  3.178 0.107 1.43546   714.854  1764.251   -0.00    23.83  8353  2  9 0 0 -0.004871    0.001971
2457902.704775   -0.003372    0.004491   8.027 -0.0241  3.090 0.153 1.43702   715.351  1763.440    0.00    23.48  9017  2  9 0 0 -0.004846   -0.002977
2457902.705230    0.003785    0.004523   8.027 -0.0163  3.468 0.211 1.43869   715.514  1763.160   -0.00    23.34  7136  2  9 0 0 -0.004819    0.004396
2457902.705670   -0.003892    0.004124   8.027 -0.0216  3.591 0.151 1.44033   715.023  1767.929    0.00    23.34  5956  2  9 0 0 -0.004793   -0.003215
2457902.706113   -0.002896    0.004126   8.027 -0.0278  3.253 0.180 1.44199   715.258  1764.165    0.00    23.57  7142  2  9 0 0 -0.004767   -0.002424
2457902.740011   -0.005863    0.005018   8.027 -0.0218  2.984 0.161 1.62677   714.868  1766.356   -0.00    28.23 10259  2  9 0 0 -0.002847   -0.005982
2457902.740454    0.005347    0.004485   8.027 -0.0256  2.751 0.149 1.63009   714.834  1765.777   -0.01    28.51 11723  2  9 0 0 -0.002823    0.005087
2457902.740894   -0.011589    0.004387   8.027 -0.0273  2.988 0.156 1.63341   715.186  1766.184   -0.00    29.11 11150  2  9 0 0 -0.002799   -0.011716
2457902.741322   -0.008524    0.004517   8.027 -0.0259  2.541 0.109 1.63666   715.433  1762.586   -0.00    29.57 11432  2  9 0 0 -0.002776   -0.008918
2457902.741757    0.001059    0.004953   8.027 -0.0224  2.910 0.147 1.64000   715.405  1764.536   -0.01    29.57  9822  2  9 0 0 -0.002752    0.000876
2457902.766718   -0.008246    0.005406   8.027 -0.0065  2.952 0.117 1.88699   713.604  1764.259   -0.01    35.56  9652  2  9 0 0 -0.003955   -0.008133
2457902.767152   -0.012747    0.005788   8.027 -0.0239  3.033 0.200 1.89244   715.142  1764.059   -0.01    35.16  9044  2  9 0 0 -0.003937   -0.012590
2457902.767579    0.005059    0.005479   8.027 -0.0121  2.905 0.132 1.89786   715.192  1763.327   -0.01    34.53  9795  2  9 0 0 -0.003919    0.005136
2457902.768013   -0.006006    0.006509   8.027 -0.0131  3.031 0.099 1.90341   715.313  1769.686   -0.01    33.83  9020  2  9 0 0 -0.003900   -0.005859
2457902.768452    0.000463    0.006211   8.027 -0.0053  3.163 0.187 1.90908   715.868  1766.291   -0.01    33.42  8551  2  9 0 0 -0.003882    0.000684
2457907.639478   -0.009813    0.004901   8.027 -0.0767  2.949 0.045 1.34319   714.922  1765.016    0.01   279.52  8956  2  9 0 0  0.000606   -0.010731
2457907.639940   -0.001280    0.004799   8.027 -0.0742  2.578 0.070 1.34329   715.266  1764.708   -0.00   269.85 10952  2  9 0 0  0.000607   -0.002415
2457907.640378    0.009495    0.005072   8.027 -0.0784  3.080 0.108 1.34339   715.546  1761.765    0.01   261.68  8091  2  9 0 0  0.000607    0.008654
2457907.640801   -0.006860    0.004569   8.027 -0.0780  2.967 0.061 1.34350   716.287  1763.016    0.01   254.31 10061  2  9 0 0  0.000608   -0.007767
2457907.641241    0.002641    0.005211   8.027 -0.0758  2.735 0.101 1.34363   714.702  1763.878    0.02   246.42 10514  2  9 0 0  0.000608    0.001597
2457909.692961    0.001779    0.005155   8.027 -0.0882  3.739 0.252 1.46852   714.339  1764.567   -0.00   226.54  6452  2  9 0 0  0.001724    0.001072
2457909.693397    0.004617    0.005285   8.027 -0.0805  3.505 0.216 1.47042   715.612  1763.543   -0.00   226.11  6180  2  9 0 0  0.001702    0.003778
2457909.693837   -0.004966    0.005467   8.027 -0.1037  3.981 0.227 1.47236   715.840  1762.444   -0.00   225.30  5319  2  9 0 0  0.001680   -0.005520
2457909.694279    0.001758    0.005897   8.027 -0.0901  3.659 0.191 1.47433   715.864  1758.561    0.00   224.61  6705  2  9 0 0  0.001658    0.001019
2457909.694696   -0.003863    0.005335   8.027 -0.0786  4.280 0.284 1.47620   714.128  1767.782    0.01   223.90  4901  2  9 0 0  0.001637   -0.004232
2457909.731441   -0.022951    0.006543   8.027 -0.0900  4.375 0.231 1.71916   714.620  1763.183    0.00   226.27  4070  2  9 0 0  0.000692   -0.023051
2457909.731890   -0.017572    0.005619   8.027 -0.0972  4.161 0.287 1.72331   713.880  1763.884   -0.01   226.07  6330  2  9 0 0  0.000669   -0.017793
2457909.732329   -0.007587    0.005709   8.027 -0.0818  3.194 0.208 1.72742   714.871  1762.981   -0.01   225.62  8233  2  9 0 0  0.000647   -0.008370
2457909.732771    0.007752    0.005704   8.027 -0.0830  3.222 0.184 1.73158   715.062  1767.730   -0.01   225.20  8303  2  9 0 0  0.000624    0.006991
2457909.733203    0.002512    0.006476   8.027 -0.0768  4.779 0.295 1.73569   715.197  1764.084   -0.00   225.03  3293  2  9 0 0  0.000602    0.002669
2457910.647279    0.006232    0.005728   8.027 -0.2337  3.695 0.122 1.35437   714.229  1760.301    0.01   210.18  5256  2  9 0 0  0.003261    0.005154
2457910.647719    0.008752    0.007352   8.027 -0.2419  3.516 0.056 1.35490   714.709  1760.615   -0.00   204.07  6052  2  9 0 0  0.003297    0.007560
2457910.648160   -0.001384    0.005374   8.027 -0.2417  3.229 0.063 1.35544   715.295  1764.337    0.01   209.83  5110  2  9 0 0  0.003333   -0.002752
2457910.648594    0.002934    0.007070   8.027 -0.3359  3.471 0.110 1.35598   715.146  1767.951    0.02   238.41  6175  2  9 0 0  0.003369    0.001699
2457910.649050    0.004378    0.005510   8.027 -0.3411  3.027 0.072 1.35657   715.187  1764.443    0.00   240.53  6171  2  9 0 0  0.003406    0.002875
2457910.671711    0.008280    0.006881   8.027 -0.2943  5.350 0.229 1.40287   717.331  1759.043    0.01   151.78  1489  2  9 0 0  0.004075    0.007989
2457910.672596    0.004845    0.005394   8.027 -0.1745  5.273 0.257 1.40540   716.017  1768.918    0.00   160.83  2396  2  9 0 0  0.004021    0.004521
2457910.673044   -0.003168    0.007007   8.027 -0.2061  4.875 0.210 1.40671   714.368  1767.658   -0.00   153.70  2360  2  9 0 0  0.003994   -0.003720
2457910.689953    0.018583    0.004596   8.027 -0.2527  3.267 0.237 1.46769   713.600  1771.827    0.00   189.04  5460  2  9 0 0  0.002905    0.017334
2457910.690404   -0.005964    0.005295   8.027 -0.2186  3.503 0.206 1.46965   715.347  1765.389   -0.00   176.23  5049  2  9 0 0  0.002873   -0.007068
2457910.690848   -0.001560    0.006165   8.027 -0.2019  4.625 0.271 1.47160   713.683  1762.866   -0.00   174.62  2375  2  9 0 0  0.002842   -0.001998
2457910.711382   -0.002276    0.004596   8.027 -0.2439  2.935 0.117 1.58375   716.184  1763.956   -0.01   194.05  8576  2  9 0 0  0.001896   -0.003493
2457910.711836    0.005922    0.004880   8.027 -0.2086  2.724 0.143 1.58677   715.189  1763.092   -0.00   178.74  9655  2  9 0 0  0.001892    0.004583
2457910.712275   -0.001588    0.005512   8.027 -0.1974  2.915 0.183 1.58973   714.780  1762.137   -0.00   176.58  9110  2  9 0 0  0.001889   -0.002815
2457910.712724   -0.005367    0.005830   8.027 -0.2485  4.282 0.277 1.59276   716.113  1768.656   -0.01   189.13  4527  2  9 0 0  0.001885   -0.005791
2457910.713156   -0.011065    0.005513   8.027 -0.2421  3.038 0.276 1.59572   713.661  1762.932    0.00   185.48  6306  2  9 0 0  0.001882   -0.012218
2457910.741066   -0.033478    0.013778   8.027 -0.4419  3.545 0.138 1.84890   714.635  1766.706   -0.01   268.39  4559  2  9 0 0  0.004767   -0.034984
2457910.741512    0.014834    0.014119   8.027 -0.6087  3.020 0.191 1.85417   714.989  1762.669   -0.01   314.60  5988  2  9 0 0  0.004841    0.013003
2457910.741956   -0.018208    0.010034   8.027 -0.5965  3.100 0.184 1.85946   715.575  1767.213   -0.01   305.33  5780  2  9 0 0  0.004916   -0.020009
2457910.742385    0.018134    0.016013   8.027 -0.7254  2.590 0.090 1.86462   715.133  1764.435   -0.01   328.23  6023  2  9 0 0  0.004988    0.016017
2457910.742826   -0.014774    0.014710   8.027 -0.7503  3.062 0.146 1.86996   715.465  1765.756   -0.01   331.72  4413  2  9 0 0  0.005061   -0.016631
