######################################################################################################################
# 
# Limb Darkening Calculations v.1.0. 
# 
# Limb-darkening coefficients for linear (a), quadratic (u1,u2), three parameter (b1,b2,b3) 
# non-linear (c1,c2,c3,c4), logarithmic (l1,l2), exponential (e1,e2) and square-root laws (s1,s2).
# 
# Author:       Nestor Espinoza (nespino@astro.puc.cl) 
# 
# Contributors: Benjamin Rackham (brackham@email.arizona.com) 
#               Andres Jordan    (ajordan@astro.puc.cl) 
#               Ashley Villar    (vvillar@cfa.harvard.edu) 
# 
# DISCLAIMER: If you make use of this code for your research, please consider citing Espinoza & Jordan (2015)
# 
#---------------------------------------------------------------------------------------------------------------------------------------------
# Name	LD fit	RF	T_eff	log(g)	[M/H]	vturb	a       	u1      	u2      	b1      	b2      	b3      	c1      	 c2      	c3      	c4      	l1      	l2      	e1      	e2              	s1      	s2      
1.1	1.126	0.450913100343	0.38038218951	0.120243831704	0.95271902493	-0.576049952924	0.153681974329	0.501207291573	-0.0729674140182	0.337684180119	-0.14572783682	0.54058943124	0.14702222876	0.40285062931	-0.0127769499391	0.178471041043	0.4428264072
1.126	1.152	0.450711192969	0.376670460957	0.126224567919	0.955296929251	-0.566210835325	0.143024935622	0.469340958338	-0.00519296365199	0.289454815842	-0.137360495741	0.544772848082	0.154215210807	0.400694051083	-0.0132961785483	0.165061937488	0.464289719262
1.152	1.178	0.447461912335	0.369330821	0.133194750342	0.972529975435	-0.58467408786	0.144837038974	0.447723615272	0.0562644468061	0.23160490464	-0.12264526415	0.54668961321	0.162688481487	0.394815819667	-0.0139946221878	0.146162010926	0.489724267645
1.178	1.204	0.440054675214	0.359430130914	0.137443322417	0.983049137327	-0.605375641588	0.150434500153	0.432952502459	0.0970028536915	0.183989203272	-0.10823052394	0.542447990866	0.167881119039	0.3856863052	-0.0144521502267	0.129135516061	0.505356470555
1.204	1.23	0.440878849103	0.356706662162	0.143487802646	0.997036542727	-0.613405932868	0.148211319745	0.413880182434	0.150008461306	0.14120860975	-0.0990693687757	0.547736323942	0.175204180028	0.384320816555	-0.0150337552998	0.116458223864	0.52729719248
1.2295	1.2565	0.439817500864	0.351765045851	0.15009950069	1.01585949265	-0.631711060425	0.150306753583	0.384338637802	0.229278837151	0.0690593778257	-0.079332005396	0.551576015114	0.183243331047	0.380750311363	-0.0157003139775	0.100546736453	0.551430221368
1.257	1.283	0.437348043131	0.344003050855	0.159116980373	1.04411661935	-0.662940242147	0.156143577824	0.336089979357	0.356267156731	-0.0501197657387	-0.0446773419983	0.555801452726	0.194225635997	0.374784779785	-0.016628975571	0.0777726094239	0.584426679707
1.283	1.309	0.437127519625	0.339970199048	0.165612320159	1.06088635734	-0.67650811004	0.156102839065	0.31210743973	0.422111437657	-0.107402652128	-0.0303945339847	0.560386901999	0.202109527796	0.372144684025	-0.0172716515233	0.0630020419909	0.608071288228
1.309	1.335	0.432828538085	0.331576001777	0.172588277856	1.08889348926	-0.715490033023	0.167668404443	0.286451777425	0.502615624166	-0.193147463879	-0.00350700559363	0.561292372884	0.210648612605	0.364958612813	-0.0180383726367	0.0428708738857	0.633797832583
1.335	1.361	0.43105578005	0.322464013569	0.185091880935	1.14442296611	-0.784309680267	0.187897480748	0.25336553572	0.625849851279	-0.32227895306	0.0364840393273	0.568848453656	0.225952804767	0.358031575384	-0.0194074043112	0.0127239108574	0.679906589488
1.361	1.387	0.425783517296	0.3108604098	0.195875605745	1.20138668689	-0.865921567012	0.215931863202	0.241001841676	0.70810487084	-0.426413909279	0.0718965622722	0.571659111113	0.239216166648	0.348048056335	-0.0206584195477	-0.0172051904702	0.719971169144
1.387	1.413	0.423187483488	0.303259981221	0.204400299211	1.24235711304	-0.920656598293	0.233441598834	0.214485808562	0.803340943617	-0.529493386312	0.105248177467	0.575436050836	0.249672468618	0.341841979659	-0.0216171356362	-0.0392098020076	0.75150918737
1.413	1.439	0.413411159861	0.292209342641	0.206564008011	1.26728929741	-0.975633162243	0.257430557795	0.256867676055	0.741509956742	-0.507152866012	0.103895392759	0.567343811427	0.252443522458	0.33065442182	-0.0219910306451	-0.0542523293367	0.760057976245
1.439	1.465	0.405926158482	0.279229483503	0.215920163202	1.32816484828	-1.07139124086	0.293623317952	0.307429078172	0.698874112492	-0.510666564882	0.109853087741	0.566914413693	0.264024370014	0.318790824108	-0.0231533440408	-0.083344146633	0.795163145354
1.465	1.491	0.397521792783	0.265538393034	0.224917344846	1.3964514099	-1.18251080321	0.337485800791	0.313216722587	0.755288394712	-0.611188212378	0.150236877888	0.565323208434	0.27521248305	0.305940081392	-0.0243330484767	-0.112672857724	0.82915387479
1.491	1.517	0.386381254528	0.25233551761	0.228419352639	1.43689640735	-1.26352953308	0.372529148154	0.37259503374	0.67415505337	-0.58384955577	0.149760256124	0.556894190337	0.279673922396	0.292599589454	-0.0249157987676	-0.132268927895	0.84288013271
1.5165	1.5435	0.375968930096	0.230684645601	0.247550397012	1.5892732589	-1.49931621299	0.465563124369	0.479736904488	0.607145634649	-0.624098584366	0.17869389399	0.56097577442	0.303469447248	0.272751462263	-0.0274198233472	-0.187193821751	0.915194740797
1.544	1.57	0.364259795765	0.217916554222	0.24933562287	1.6245850386	-1.57665987684	0.500586932247	0.572492390301	0.452503071568	-0.532117356146	0.158204810455	0.550698627412	0.305840241964	0.259482582624	-0.0278313898452	-0.203497868627	0.922638205889
1.57	1.596	0.346493194344	0.206554472181	0.238407249647	1.58612082091	-1.56760541054	0.507228753319	0.665832399322	0.222874302589	-0.352649220421	0.108973994359	0.524850188506	0.292601455119	0.24558093846	-0.026802341715	-0.196868026787	0.882972100793
1.596	1.622	0.336310544955	0.192028019837	0.245785437719	1.65959938625	-1.69487530493	0.560415135406	0.784491316433	0.0533048038931	-0.263231659571	0.0911099923916	0.520303774163	0.301873294496	0.231316653627	-0.0278831497562	-0.224499374822	0.911299035732
1.622	1.648	0.328424936069	0.182886082154	0.247906207633	1.68872279369	-1.75402723083	0.586456539119	0.83184085304	-0.014616800203	-0.235818835894	0.0887548022159	0.514062430131	0.304593228857	0.221948039686	-0.0282741058282	-0.23756326981	0.919689482635
1.648	1.674	0.323688102672	0.180660142771	0.243625639118	1.65593385869	-1.71583090165	0.572572410104	0.798779940956	0.0202752570691	-0.257934519826	0.0946386552414	0.506100736642	0.299306011013	0.219131992697	-0.0277635218305	-0.232448220258	0.903676425186
1.674	1.7	0.316152517675	0.173840964344	0.242406085876	1.65649470561	-1.7328805248	0.581901273183	0.835973395203	-0.0553211402508	-0.207106386451	0.0817163192449	0.497700527936	0.297886480086	0.211820599187	-0.02770409996	-0.23742679616	0.899522404352
