######################################################################################################################
# 
# Limb Darkening Calculations v.1.0. 
# 
# Limb-darkening coefficients for linear (a), quadratic (u1,u2), three parameter (b1,b2,b3) 
# non-linear (c1,c2,c3,c4), logarithmic (l1,l2), exponential (e1,e2) and square-root laws (s1,s2).
# 
# Author:       Nestor Espinoza (nespino@astro.puc.cl) 
# 
# Contributors: Benjamin Rackham (brackham@email.arizona.com) 
#               Andres Jordan    (ajordan@astro.puc.cl) 
#               Ashley Villar    (vvillar@cfa.harvard.edu) 
# 
# DISCLAIMER: If you make use of this code for your research, please consider citing Espinoza & Jordan (2015)
# 
#---------------------------------------------------------------------------------------------------------------------------------------------
# Name	LD fit	RF	T_eff	log(g)	[M/H]	vturb	a       	u1      	u2      	b1      	b2      	b3      	c1      	 c2      	c3      	c4      	l1      	l2      	e1      	e2              	s1      	s2      
1.12	1.14545454545	0.453102355508	0.385060131361	0.117882856194	0.975002560082	-0.610625918616	0.170914923834	0.442539629921	0.0778156880176	0.182222305638	-0.0870933899129	0.543415922264	0.145972572165	0.409909386038	-0.0116852722382	0.181637363116	0.4434800172
1.14545454545	1.17090909091	0.453587467001	0.382713446372	0.122784996637	0.985560981481	-0.61598123163	0.168549077594	0.439926347664	0.0936533342602	0.172216004135	-0.0879496981303	0.547616084029	0.151981471586	0.408819254556	-0.0121109788295	0.171008452799	0.46163174635
1.17090909091	1.19636363637	0.450383780473	0.375810383141	0.129189072316	0.998502146341	-0.628123238727	0.167891854018	0.433173355075	0.120263694296	0.148010808633	-0.0846858824114	0.549274774275	0.159846029657	0.403493721233	-0.0126844343015	0.153243962346	0.485412954229
1.19636363636	1.22181818182	0.444272985684	0.36791077994	0.132285686793	1.01238207746	-0.655001305021	0.177509634003	0.446998298584	0.106103945154	0.145920299955	-0.083136901873	0.545552269306	0.163708919917	0.39611348483	-0.0130275745907	0.13991978542	0.497194126534
1.22181818183	1.24727272727	0.447165923037	0.367443407305	0.138101356593	1.02255399071	-0.653303188236	0.1708954337	0.443407065791	0.123533187764	0.141222822217	-0.0876747988545	0.552836561364	0.170813232543	0.397226983291	-0.0135082935587	0.129696644969	0.518613989215
1.24727272727	1.27272727273	0.443905029899	0.360500866919	0.144474168722	1.04317812436	-0.678867889209	0.17661810359	0.438306407113	0.154479523622	0.106550501508	-0.0789922804425	0.554437314899	0.17867720817	0.391690585445	-0.0141232577581	0.111837586454	0.542455577639
1.27272727272	1.29818181818	0.444351505729	0.356288819263	0.152538207027	1.06037304208	-0.687981492309	0.172869040655	0.447519974252	0.152971522299	0.11398273786	-0.0881306987241	0.560995233996	0.188562523179	0.389535270191	-0.0148263743509	0.0939987126973	0.572319319212
1.29818181819	1.32363636363	0.441899524594	0.350730041757	0.157913100909	1.08002878912	-0.712935948171	0.179302536755	0.432302399432	0.203458748292	0.061797542365	-0.0728400223005	0.562645725508	0.195201636653	0.385118289981	-0.0153571085259	0.0792150735252	0.592455823448
1.32363636363	1.34909090909	0.441295566917	0.344574545387	0.16752170981	1.11232473119	-0.746115723468	0.185393409904	0.417384445256	0.265979775005	0.00192210923825	-0.0580658742175	0.569361162678	0.207042170372	0.381140949582	-0.0162686670032	0.0566475355859	0.62832542037
1.34909090909	1.37454545455	0.43761212418	0.334823577881	0.178019757822	1.15700676894	-0.803794207054	0.202186200887	0.420480521472	0.304349142316	-0.0501506713606	-0.0431048664963	0.573707904103	0.220036491145	0.373519942232	-0.0173323203708	0.028799750017	0.667784859529
1.37454545454	1.4	0.43503549679	0.326413197996	0.188113967103	1.19795601655	-0.854115355265	0.215902039227	0.391936770373	0.403154009339	-0.151589371394	-0.0127570915962	0.578843970891	0.232516371967	0.367200424632	-0.01834344107	0.00303191830437	0.705655940543
1.4	1.42545454545	0.428450741351	0.318804543761	0.189879939377	1.20058519732	-0.865694423178	0.219619049979	0.38430700757	0.421235855652	-0.176812191949	-0.00460343996244	0.573605990779	0.234701833546	0.359908476392	-0.018533846398	-0.00761849475662	0.712288276483
1.42545454545	1.45090909091	0.418654417479	0.305289340602	0.1963054275	1.24655654643	-0.946147009154	0.25126250192	0.454097152483	0.325631880119	-0.132089049569	-0.0137127361358	0.568793435315	0.242776213259	0.347169832631	-0.0193277533722	-0.0325583195983	0.737006414512
1.45090909092	1.47636363636	0.417436140549	0.29765569021	0.207401564833	1.28748484577	-0.991649921879	0.26170204363	0.356429285383	0.564604360804	-0.352632071671	0.0536959608954	0.576029554829	0.256461166977	0.341914496081	-0.0204177925484	-0.0591719209675	0.778471383576
1.47636363636	1.50181818182	0.404466316989	0.277213265476	0.220318156132	1.38594921365	-1.15221313763	0.324761086049	0.422767820327	0.528468961921	-0.394167122531	0.0779981131226	0.573082447951	0.27269341332	0.323015712292	-0.0220181059907	-0.102580123301	0.828161188567
1.50181818182	1.52727272728	0.394655513655	0.26656632552	0.221747100158	1.40253815925	-1.19430312821	0.343261503839	0.433558305849	0.523123058811	-0.416828676266	0.0901637197789	0.564402179415	0.274542311701	0.312214267972	-0.0222836921593	-0.115917423872	0.83389845052
1.52727272728	1.55272727272	0.384487150431	0.243849972995	0.243434780061	1.55279310222	-1.41791164009	0.427396324479	0.460992628993	0.617641418145	-0.591093458276	0.158216279689	0.570978269891	0.301663068296	0.292608996101	-0.0248302301469	-0.176806472335	0.916695796749
1.55272727272	1.57818181818	0.370861981351	0.234815899832	0.235464648421	1.52392735866	-1.41126528136	0.432246580327	0.520547614421	0.467895852451	-0.477518449388	0.128240123432	0.55128834045	0.291878439462	0.281475527375	-0.0241540395391	-0.172331424829	0.887106699889
1.57818181818	1.60363636364	0.354697036929	0.217496762112	0.237431011195	1.57436596226	-1.5214501805	0.482447397114	0.649144172802	0.257336565585	-0.35684092347	0.103253143825	0.536764925011	0.294568461801	0.263344478138	-0.024681488072	-0.193774469569	0.895688588616
1.60363636364	1.62909090908	0.346807087411	0.205802992851	0.243981871916	1.6188816007	-1.59590845683	0.511163500429	0.630349737015	0.339873176284	-0.464836174539	0.14286543462	0.533914222681	0.302756587359	0.252451340347	-0.0254889633347	-0.21698252039	0.920665396629
