1.13272727273 0.0206413633207 5.86994888961e-05
1.15818181818 0.0207330674799 5.54277158815e-05
1.18363636364 0.0205050614595 5.59843729939e-05
1.20909090909 0.020497637262 5.37373733511e-05
1.23454545455 0.0204547594408 5.89958737109e-05
1.26 0.0204917600054 5.01360960359e-05
1.28545454545 0.0206198619671 6.18508953469e-05
1.31090909091 0.0207388955405 5.03421529413e-05
1.33636363636 0.0206603064072 5.72618144398e-05
1.36181818182 0.0208582387809 4.76262277463e-05
1.38727272727 0.0207944466407 4.76488771426e-05
1.41272727273 0.0208876045746 5.24974682424e-05
1.43818181818 0.0208211045777 6.22113715563e-05
1.46363636364 0.0206905464832 5.08999082539e-05
1.48909090909 0.0206818167748 6.87960059746e-05
1.51454545455 0.0206785958786 6.69082825464e-05
1.54 0.0205087022957 5.9827876748e-05
1.56545454545 0.0204796465892 6.40355915465e-05
1.59090909091 0.0205000543897 5.64087139999e-05
1.61636363636 0.0205139314641 6.4692462243e-05

