# Wavelength [um]      (Rp/Rstar)^2
1.247264340295633467e+01 2.058415004643655150e-02
1.234915188411518194e+01 2.059199971694742476e-02
1.222688305357938887e+01 2.056256764925017133e-02
1.210582480552414708e+01 2.059490005940557353e-02
1.198596515398430462e+01 2.056736601540929549e-02
1.186729223166762992e+01 2.055149127093506417e-02
1.174979428877982990e+01 2.061701083622960798e-02
1.163345969186121920e+01 2.054925899307764869e-02
1.151827692263487002e+01 2.056608833217368759e-02
1.140423457686620701e+01 2.056869000164147920e-02
1.129132136323386781e+01 2.058609197244143721e-02
1.117952610221174936e+01 2.060688287756314366e-02
1.106883772496212970e+01 2.062035389488770312e-02
1.095924527223973222e+01 2.073306010435365526e-02
1.085073789330666472e+01 2.069783948445591548e-02
1.074330484485808412e+01 2.081931132646980265e-02
1.063693548995849980e+01 2.075070157615345467e-02
1.053161929698861421e+01 2.082636261238482098e-02
1.042734583860258724e+01 2.092380478094472279e-02
1.032410479069563181e+01 2.072296018608292198e-02
1.022188593138181290e+01 2.059220544559407437e-02
1.012067913998199487e+01 2.059476646907081390e-02
1.002047439602177548e+01 2.054572844436736503e-02
9.921261778239381712e+00 2.055613129803643413e-02
9.823031463603349778e+00 2.057175490382460656e-02
9.725773726339950187e+00 2.058061329267847281e-02
9.629478936970249592e+00 2.060888054208295100e-02
9.534137561356683221e+00 2.060079477224893360e-02
9.439740159759089977e+00 2.064618157459801109e-02
9.346277385900089385e+00 2.065159765126254113e-02
9.253739986039693832e+00 2.067952587892837521e-02
9.162118798059102787e+00 2.068338223982990956e-02
9.071404750553567098e+00 2.071440728873967171e-02
8.981588861934222123e+00 2.079955056603129473e-02
8.892662239538834612e+00 2.081501039828072969e-02
8.804616078751321240e+00 2.085913363142704452e-02
8.717441662130022806e+00 2.088295502286248440e-02
8.631130358544575998e+00 2.096013485184276826e-02
8.545673622321363183e+00 2.102307799101237051e-02
8.461062992397387461e+00 2.110812669190516300e-02
8.377290091482562318e+00 2.122073733742702029e-02
8.294346625230261338e+00 2.126722157328110596e-02
8.212224381416099561e+00 2.134816692934165400e-02
8.130915229124850541e+00 2.135812057991633497e-02
8.050411117945397876e+00 2.142136533521172767e-02
7.970704077173661695e+00 2.140808825249906552e-02
7.891786215023426365e+00 2.158543820726692430e-02
7.813649717844977083e+00 2.182369945302400915e-02
7.736286849351461825e+00 2.210861200171897190e-02
7.659689949852931612e+00 2.157276200331079835e-02
7.583851435497953375e+00 2.133838143469695900e-02
7.508763797522725270e+00 2.152745924032560196e-02
7.434419601507648245e+00 2.170411588310260792e-02
7.360811486641236634e+00 2.170535995669104976e-02
7.287932164991324235e+00 2.155731449413242351e-02
7.215774420783487741e+00 2.140907064871285653e-02
7.144331109686621772e+00 2.130811514151135372e-02
7.073595158105566050e+00 2.121897724968702451e-02
7.003559562480758949e+00 2.109262091267758224e-02
6.934217388594810849e+00 2.102368617623219874e-02
6.865561770885950210e+00 2.106903216966935638e-02
6.797585911768267763e+00 2.110452431671561851e-02
6.730283080958680664e+00 2.101172047056762068e-02
6.663646614810574853e+00 2.100228279585426849e-02
6.597669915654034156e+00 2.107785926803925833e-02
6.532346451142608146e+00 2.111197201593862510e-02
6.467669753606543281e+00 2.131002918406134372e-02
6.403633419412418704e+00 2.111880763294471039e-02
6.340231108329128062e+00 2.101149353233613265e-02
6.277456542900125669e+00 2.105064763271415756e-02
6.215303507821907658e+00 2.106314870415166088e-02
6.153765849328621584e+00 2.111810654249448790e-02
6.092837474582792900e+00 2.104774586096120129e-02
6.032512351072073287e+00 2.101703649893229067e-02
5.972784506011953987e+00 2.098708894639223638e-02
5.913648025754409510e+00 2.091749174621348323e-02
5.855097055202384659e+00 2.105906569597263550e-02
5.797125797230084032e+00 2.092966660355694702e-02
5.739728512108993819e+00 2.091563275835595787e-02
5.682899516939598605e+00 2.092017745841778451e-02
5.626633185088711464e+00 2.091043462394831520e-02
5.570923945632387131e+00 2.089338324614818318e-02
5.515766282804344556e+00 2.080494508469251172e-02
5.461154735449845532e+00 2.078168307740736048e-02
5.407083896484995655e+00 2.079644660390673333e-02
5.353548412361381459e+00 2.072869831165652030e-02
5.300542982536021519e+00 2.071475904408359020e-02
5.248062358946555150e+00 2.065630125825962046e-02
5.196101345491639378e+00 2.065795018422798141e-02
5.144654797516475142e+00 2.064766997621839476e-02
5.093717621303440524e+00 2.059431211944054776e-02
5.043284773567762613e+00 2.059635902229965676e-02
4.993351260958180937e+00 2.056968654647851197e-02
4.943912139562555375e+00 2.057079067797575045e-02
4.894962514418371491e+00 2.055772225480142698e-02
4.846497539028090884e+00 2.055913515482759441e-02
4.798512414879296806e+00 2.055797267342737711e-02
4.751002390969600420e+00 2.056689289314228564e-02
4.703962763336238417e+00 2.058250050534829456e-02
4.657388874590335348e+00 2.059009314118062650e-02
4.611276113455778258e+00 2.059996551553587921e-02
4.565619914312651240e+00 2.062292253168957964e-02
4.520415756745198799e+00 2.064582080217765639e-02
4.475659165094256764e+00 2.066860919745923397e-02
4.431345708014116092e+00 2.070617850572356936e-02
4.387470998033777825e+00 2.078807056128636685e-02
4.344030691122553023e+00 2.094123676554337024e-02
4.301020486259953479e+00 2.106875778493759455e-02
4.258436125009854578e+00 2.084549983528852235e-02
4.216273391098866341e+00 2.075821879478675913e-02
4.174528109998877135e+00 2.067527713439977488e-02
4.133196148513740731e+00 2.067988632384420988e-02
4.092273414370040108e+00 2.067821208368892522e-02
4.051755855811920881e+00 2.066286546814822406e-02
4.011639461199922430e+00 2.066610700079448901e-02
3.971920258613783616e+00 2.069104937492885835e-02
3.932594315459191581e+00 2.072123928874933935e-02
3.893657738078407426e+00 2.076992948833618000e-02
3.855106671364760818e+00 2.082367472891412039e-02
3.816937298380950860e+00 2.076881469098927624e-02
3.779145839981139510e+00 2.089977992218327099e-02
3.741728554436771326e+00 2.089487458995493291e-02
3.704681737066110259e+00 2.095421219729725476e-02
3.668001719867436616e+00 2.101584949833627813e-02
3.631684871155877570e+00 2.118640789663810142e-02
3.595727595203838334e+00 2.129782637609771434e-02
3.560126331884988726e+00 2.139981807316490570e-02
3.524877556321771355e+00 2.147246191251445807e-02
3.489977778536407005e+00 2.161989182252568864e-02
3.455423543105353712e+00 2.169967852333605507e-02
3.421211428817182210e+00 2.166092691800168904e-02
3.387338048333843332e+00 2.159763506334556535e-02
3.353800047855290511e+00 2.185193119565025793e-02
3.320594106787416067e+00 2.237459609473779060e-02
3.287716937413283524e+00 2.142747829370989995e-02
3.255165284567607564e+00 2.167342759320679130e-02
3.222935925314462935e+00 2.174998594386556156e-02
3.191025668628181045e+00 2.174583489231711117e-02
3.159431355077406689e+00 2.155962303188095619e-02
3.128149856512283833e+00 2.131644281008716890e-02
3.097178075754736692e+00 2.111211528142890870e-02
3.066512946291818587e+00 2.093109982849489237e-02
3.036151431972097470e+00 2.085027591466815516e-02
3.006090526705047061e+00 2.102913118311989724e-02
2.976327254163412928e+00 2.084162401844106768e-02
2.946858667488527761e+00 2.086309170556012449e-02
2.917681848998542549e+00 2.090440631638362801e-02
2.888793909899546541e+00 2.091353429471193293e-02
2.860191989999551154e+00 2.095162372403636120e-02
2.831873257425297830e+00 2.096823677318186002e-02
2.803834908341879206e+00 2.096023565418828755e-02
2.776074166675128296e+00 2.095232279411133117e-02
2.748588283836760127e+00 2.083605559210657127e-02
2.721374538452237868e+00 2.085892844939812862e-02
2.694430236091324815e+00 2.096716654377142608e-02
2.667752709001311562e+00 2.095735151306906546e-02
2.641339315842882840e+00 2.087696685160150487e-02
2.615187441428596937e+00 2.095899830134519831e-02
2.589294496463957262e+00 2.106232970091429652e-02
2.563657917291046751e+00 2.099948215922518499e-02
2.538275165634700237e+00 2.091183119136293816e-02
2.513143728351188155e+00 2.090255132056598186e-02
2.488261117179394244e+00 2.094340315246495665e-02
2.463624868494449949e+00 2.103618385582931710e-02
2.439232543063811764e+00 2.116233318438645594e-02
2.415081725805753532e+00 2.122500258952343677e-02
2.391170025550251044e+00 2.137127660381388239e-02
2.367495074802228761e+00 2.149319790109614076e-02
2.344054529507157536e+00 2.154712945653974865e-02
2.320846068818967822e+00 2.147183233513940553e-02
2.297867394870265034e+00 2.147695719096270536e-02
2.275116232544817318e+00 2.143933776993599272e-02
2.252590329252293522e+00 2.139438483312054717e-02
2.230287454705241146e+00 2.117184058700501831e-02
2.208205400698258991e+00 2.122778722143738375e-02
2.186341980889365377e+00 2.085831492636915779e-02
2.164695030583529967e+00 2.072377020983632440e-02
2.143262406518346097e+00 2.060487642139511438e-02
2.122041986651828083e+00 2.053857195340154027e-02
2.101031669952305059e+00 2.049838654070720509e-02
2.080229376190401158e+00 2.049828336860721675e-02
2.059633045733070489e+00 2.053400522752873991e-02
2.039240639339673589e+00 2.059087278421679185e-02
2.019050137960073155e+00 2.064632938031359805e-02
1.999059542534725509e+00 2.068368592214742466e-02
1.979266873796758031e+00 2.074606794300806398e-02
1.959670172075998140e+00 2.078040330803420863e-02
1.940267497104948502e+00 2.082239982127787395e-02
1.921056927826681582e+00 2.077573912012618124e-02
1.902036562204635128e+00 2.067368230970445184e-02
1.883204517034292147e+00 2.068290961019611171e-02
1.864558927756724938e+00 2.077042473038142809e-02
1.846097948273984990e+00 2.075559665641839649e-02
1.827819750766321860e+00 2.076653549393390683e-02
1.809722525511209934e+00 2.075988580607836601e-02
1.791804480704168201e+00 2.081442940172113093e-02
1.774063842281354608e+00 2.077327357436121666e-02
1.756498853743915012e+00 2.075448216497866386e-02
1.739107775984074289e+00 2.080110293859660509e-02
1.721888887112944966e+00 2.079614391087744249e-02
1.704840482290044701e+00 2.087466430239792378e-02
1.687960873554499530e+00 2.078722884280926470e-02
1.671248389657920441e+00 2.085588523593909921e-02
1.654701375898931071e+00 2.069722629733086045e-02
1.638318193959337421e+00 2.073085535808855129e-02
1.622097221741918505e+00 2.068659857939796759e-02
1.606036853209820148e+00 2.051143564611159625e-02
1.590135498227544852e+00 2.046250779827211985e-02
1.574391582403509737e+00 2.047545040518303217e-02
1.558803546934167894e+00 2.051037307238881557e-02
1.543369848449671178e+00 2.054347994244715842e-02
1.528088958861060442e+00 2.058277394243547900e-02
1.512959365208970564e+00 2.063941605728743939e-02
1.497979569513832487e+00 2.063158856225446453e-02
1.483148088627556760e+00 2.067196866393266469e-02
1.468463454086690101e+00 2.066385006686810230e-02
1.453924211967019708e+00 2.063961601577934263e-02
1.439528922739623740e+00 2.074348730186036105e-02
1.425276161128340213e+00 2.080913494997439425e-02
1.411164515968653665e+00 2.085509294570725425e-02
1.397192590067974027e+00 2.090728697271629702e-02
1.383359000067300837e+00 2.089095544544113808e-02
1.369662376304258355e+00 2.084372065713014158e-02
1.356101362677483380e+00 2.086598705907571905e-02
1.342674616512359975e+00 2.070417964702419428e-02
1.329380808428079153e+00 2.058196178345868960e-02
1.316218622206019040e+00 2.050838181077141442e-02
1.303186754659424462e+00 2.048555180779462054e-02
1.290283915504380818e+00 2.046592770331683020e-02
1.277508827232060051e+00 2.044644804690303255e-02
1.264860224982237824e+00 2.043888832787719642e-02
1.252336856418057032e+00 2.044279123107249629e-02
1.239937481602036762e+00 2.044795709786246390e-02
1.227660872873303610e+00 2.045865080180410411e-02
1.215505814726043354e+00 2.046991496582868664e-02
1.203471103689151889e+00 2.049303483652847521e-02
1.191555548207080761e+00 2.055616094217363118e-02
1.179757968521861988e+00 2.062438023332080136e-02
1.168077196556299047e+00 2.065934823034205545e-02
1.156512075798315831e+00 2.068036347142722733e-02
1.145061461186451135e+00 2.054722710068779268e-02
1.133724218996486455e+00 2.058769866001659496e-02
1.122499226729194666e+00 2.058709477843425825e-02
1.111385372999202481e+00 2.053623692973288034e-02
1.100381557424953138e+00 2.047386149147428780e-02
1.089486690519755552e+00 2.044578954869642057e-02
1.078699693583916597e+00 2.043978268545670537e-02
1.068019498597936989e+00 2.043866941782189472e-02
1.057445048116769204e+00 2.043898792645918935e-02
1.046975295165118336e+00 2.044465487564674222e-02
1.036609203133780355e+00 2.045557864553307001e-02
1.026345745677010202e+00 2.046110523419648886e-02
1.016183906610901300e+00 2.046023516910497331e-02
1.006122679812773590e+00 2.046177757607259978e-02
9.961610691215579960e-01 2.046205572200271439e-02
9.862980882391664261e-01 2.046548488418137648e-02
9.765327606328380039e-01 2.047463065077648886e-02
9.668641194384535176e-01 2.048729382454557435e-02
9.572912073648053299e-01 2.051241553666175929e-02
9.478130765988174167e-01 2.050913607181045761e-02
9.384287887117003235e-01 2.050727112958971796e-02
9.291374145660399320e-01 2.050834792225228811e-02
9.199380342238018260e-01 2.046056644453898843e-02
9.108297368552494833e-01 2.047405173139292545e-02
9.018116206487618580e-01 2.050738278097231221e-02
8.928827927215462479e-01 2.050016877955319894e-02
8.840423690312340099e-01 2.044539826546581257e-02
8.752894742883503554e-01 2.043919129621647041e-02
8.666232418696537820e-01 2.043744200985604664e-02
8.580428137323306004e-01 2.043682485705496446e-02
8.495473403290402237e-01 2.043767826310284932e-02
8.411359805238021181e-01 2.044118078869975458e-02
