# Wavelength [um]      (Rp/Rstar)^2
1.247264340295633467e+01 2.043311524535862400e+00
1.234915188411518194e+01 2.043311533898925170e+00
1.222688305357938887e+01 2.043311543445065048e+00
1.210582480552414708e+01 2.043311551986696895e+00
1.198596515398430462e+01 2.043311560227313084e+00
1.186729223166762992e+01 2.043311567056550260e+00
1.174979428877982990e+01 2.043311570884081441e+00
1.163345969186121920e+01 2.043311574860320334e+00
1.151827692263487002e+01 2.043311579476569495e+00
1.140423457686620701e+01 2.043311584510937085e+00
1.129132136323386781e+01 2.043311599137721313e+00
1.117952610221174936e+01 2.043311619698623183e+00
1.106883772496212970e+01 2.043311650800889723e+00
1.095924527223973222e+01 2.043311698307522128e+00
1.085073789330666472e+01 2.043311754044857320e+00
1.074330484485808412e+01 2.043311833721284110e+00
1.063693548995849980e+01 2.043311920428878548e+00
1.053161929698861421e+01 2.043312030153734860e+00
1.042734583860258724e+01 2.043312147151889580e+00
1.032410479069563181e+01 2.043312279050284896e+00
1.022188593138181290e+01 2.043312416915629814e+00
1.012067913998199487e+01 2.043312551919948650e+00
1.002047439602177548e+01 2.043312686221408825e+00
9.921261778239381712e+00 2.043312790360964915e+00
9.823031463603349778e+00 2.043312882340131420e+00
9.725773726339950187e+00 2.043312936239808142e+00
9.629478936970249592e+00 2.043312973184164161e+00
9.534137561356683221e+00 2.043312960171866699e+00
9.439740159759089977e+00 2.043312924405134456e+00
9.346277385900089385e+00 2.043312824882166812e+00
9.253739986039693832e+00 2.043312699381459652e+00
9.162118798059102787e+00 2.043312514689783921e+00
9.071404750553567098e+00 2.043312311277229121e+00
8.981588861934222123e+00 2.043312075468448619e+00
8.892662239538834612e+00 2.043311829731677687e+00
8.804616078751321240e+00 2.043311572011357047e+00
8.717441662130022806e+00 2.043311311107636197e+00
8.631130358544575998e+00 2.043311050158413522e+00
8.545673622321363183e+00 2.043310792212432503e+00
8.461062992397387461e+00 2.043310539399669779e+00
8.377290091482562318e+00 2.043310293501495956e+00
8.294346625230261338e+00 2.043310052729425674e+00
8.212224381416099561e+00 2.043309816861884176e+00
8.130915229124850541e+00 2.043309586385292143e+00
8.050411117945397876e+00 2.043309359563048933e+00
7.970704077173661695e+00 2.043309133374550335e+00
7.891786215023426365e+00 2.043308912792452414e+00
7.813649717844977083e+00 2.043308697131405172e+00
7.736286849351461825e+00 2.043308481846072944e+00
7.659689949852931612e+00 2.043308271753329297e+00
7.583851435497953375e+00 2.043308068562022850e+00
7.508763797522725270e+00 2.043307876164782044e+00
7.434419601507648245e+00 2.043307694316250256e+00
7.360811486641236634e+00 2.043307524534848874e+00
7.287932164991324235e+00 2.043307367533123031e+00
7.215774420783487741e+00 2.043307219580548395e+00
7.144331109686621772e+00 2.043307079346835309e+00
7.073595158105566050e+00 2.043306942347312471e+00
7.003559562480758949e+00 2.043306804672670562e+00
6.934217388594810849e+00 2.043306663406307511e+00
6.865561770885950210e+00 2.043306512428682442e+00
6.797585911768267763e+00 2.043306356005138102e+00
6.730283080958680664e+00 2.043306191364798075e+00
6.663646614810574853e+00 2.043306015641214390e+00
6.597669915654034156e+00 2.043305833089269719e+00
6.532346451142608146e+00 2.043305648714074163e+00
6.467669753606543281e+00 2.043305466191932318e+00
6.403633419412418704e+00 2.043305287339590937e+00
6.340231108329128062e+00 2.043305113777986293e+00
6.277456542900125669e+00 2.043304946287061163e+00
6.215303507821907658e+00 2.043304785264778989e+00
6.153765849328621584e+00 2.043304630823714607e+00
6.092837474582792900e+00 2.043304482885437867e+00
6.032512351072073287e+00 2.043304341574552208e+00
5.972784506011953987e+00 2.043304206395964773e+00
5.913648025754409510e+00 2.043304077422902321e+00
5.855097055202384659e+00 2.043303955163275898e+00
5.797125797230084032e+00 2.043303839943824141e+00
5.739728512108993819e+00 2.043303731652979849e+00
5.682899516939598605e+00 2.043303630125843817e+00
5.626633185088711464e+00 2.043303535420317285e+00
5.570923945632387131e+00 2.043303447059603428e+00
5.515766282804344556e+00 2.043303364668541455e+00
5.461154735449845532e+00 2.043303287754652420e+00
5.407083896484995655e+00 2.043303215833154329e+00
5.353548412361381459e+00 2.043303148706304029e+00
5.300542982536021519e+00 2.043303086141873059e+00
5.248062358946555150e+00 2.043303027723090803e+00
5.196101345491639378e+00 2.043302973477997053e+00
5.144654797516475142e+00 2.043302923443076402e+00
5.093717621303440524e+00 2.043302877452406907e+00
5.043284773567762613e+00 2.043302835262152062e+00
4.993351260958180937e+00 2.043302796568060575e+00
4.943912139562555375e+00 2.043302760973420007e+00
4.894962514418371491e+00 2.043302728010977010e+00
4.846497539028090884e+00 2.043302697355358521e+00
4.798512414879296806e+00 2.043302668649245479e+00
4.751002390969600420e+00 2.043302641821127530e+00
4.703962763336238417e+00 2.043302616696531793e+00
4.657388874590335348e+00 2.043302593494206398e+00
4.611276113455778258e+00 2.043302572317715615e+00
4.565619914312651240e+00 2.043302553169472180e+00
4.520415756745198799e+00 2.043302536049195872e+00
4.475659165094256764e+00 2.043302520847171788e+00
4.431345708014116092e+00 2.043302507356078657e+00
4.387470998033777825e+00 2.043302495484361714e+00
4.344030691122553023e+00 2.043302485120548351e+00
4.301020486259953479e+00 2.043302476122268452e+00
4.258436125009854578e+00 2.043302468484180068e+00
4.216273391098866341e+00 2.043302462283085763e+00
4.174528109998877135e+00 2.043302457504265757e+00
4.133196148513740731e+00 2.043302454060850870e+00
4.092273414370040108e+00 2.043302451833534761e+00
4.051755855811920881e+00 2.043302450702380035e+00
4.011639461199922430e+00 2.043302450518689195e+00
3.971920258613783616e+00 2.043302451198744762e+00
3.932594315459191581e+00 2.043302452731693641e+00
3.893657738078407426e+00 2.043302455194383693e+00
3.855106671364760818e+00 2.043302458730657190e+00
3.816937298380950860e+00 2.043302463425775706e+00
3.779145839981139510e+00 2.043302469356197637e+00
3.741728554436771326e+00 2.043302476648979127e+00
3.704681737066110259e+00 2.043302485439369764e+00
3.668001719867436616e+00 2.043302495851783807e+00
3.631684871155877570e+00 2.043302508110428128e+00
3.595727595203838334e+00 2.043302522437819402e+00
3.560126331884988726e+00 2.043302539078017510e+00
3.524877556321771355e+00 2.043302558350670761e+00
3.489977778536407005e+00 2.043302580523925105e+00
3.455423543105353712e+00 2.043302606091625950e+00
3.421211428817182210e+00 2.043302635673859946e+00
3.387338048333843332e+00 2.043302669933076299e+00
3.353800047855290511e+00 2.043302709530729011e+00
3.320594106787416067e+00 2.043302754583248948e+00
3.287716937413283524e+00 2.043302803944292645e+00
3.255165284567607564e+00 2.043302854588231909e+00
3.222935925314462935e+00 2.043302903135902238e+00
3.191025668628181045e+00 2.043302949195739959e+00
3.159431355077406689e+00 2.043302994554704100e+00
3.128149856512283833e+00 2.043303044821825232e+00
3.097178075754736692e+00 2.043303105132269870e+00
3.066512946291818587e+00 2.043303178756389560e+00
3.036151431972097470e+00 2.043303266225628079e+00
3.006090526705047061e+00 2.043303366399071841e+00
2.976327254163412928e+00 2.043303480419754070e+00
2.946858667488527761e+00 2.043303613578516309e+00
2.917681848998542549e+00 2.043303774592617472e+00
2.888793909899546541e+00 2.043303972120895207e+00
2.860191989999551154e+00 2.043304205434689269e+00
2.831873257425297830e+00 2.043304457553511533e+00
2.803834908341879206e+00 2.043304696265785925e+00
2.776074166675128296e+00 2.043304906733166337e+00
2.748588283836760127e+00 2.043305101337955065e+00
2.721374538452237868e+00 2.043305326002935018e+00
2.694430236091324815e+00 2.043305626025610167e+00
2.667752709001311562e+00 2.043306029603833895e+00
2.641339315842882840e+00 2.043306550226406060e+00
2.615187441428596937e+00 2.043307197892649807e+00
2.589294496463957262e+00 2.043307996627484524e+00
2.563657917291046751e+00 2.043308985142760825e+00
2.538275165634700237e+00 2.043310200810068977e+00
2.513143728351188155e+00 2.043311662251115379e+00
2.488261117179394244e+00 2.043313345632256084e+00
2.463624868494449949e+00 2.043315169708487034e+00
2.439232543063811764e+00 2.043316934730599055e+00
2.415081725805753532e+00 2.043318311274294530e+00
2.391170025550251044e+00 2.043319016309526504e+00
2.367495074802228761e+00 2.043319010274847969e+00
2.344054529507157536e+00 2.043318501946191912e+00
2.320846068818967822e+00 2.043317713948126890e+00
2.297867394870265034e+00 2.043316802615787076e+00
2.275116232544817318e+00 2.043315882041121245e+00
2.252590329252293522e+00 2.043315029676182615e+00
2.230287454705241146e+00 2.043314273570345119e+00
2.208205400698258991e+00 2.043313619196605035e+00
2.186341980889365377e+00 2.043313104113559930e+00
2.164695030583529967e+00 2.043312796627131167e+00
2.143262406518346097e+00 2.043312679758168215e+00
2.122041986651828083e+00 2.043312543452747931e+00
2.101031669952305059e+00 2.043312166651161554e+00
2.080229376190401158e+00 2.043311565597764279e+00
2.059633045733070489e+00 2.043310956837197434e+00
2.039240639339673589e+00 2.043310457664030633e+00
2.019050137960073155e+00 2.043310053726810960e+00
1.999059542534725509e+00 2.043309726199292520e+00
1.979266873796758031e+00 2.043309496785959745e+00
1.959670172075998140e+00 2.043309340235961447e+00
1.940267497104948502e+00 2.043309162256543576e+00
1.921056927826681582e+00 2.043308906919547141e+00
1.902036562204635128e+00 2.043308609938186304e+00
1.883204517034292147e+00 2.043308332677727712e+00
1.864558927756724938e+00 2.043308114464063685e+00
1.846097948273984990e+00 2.043307959518841699e+00
1.827819750766321860e+00 2.043307857903170266e+00
1.809722525511209934e+00 2.043307803902298048e+00
1.791804480704168201e+00 2.043307792321441774e+00
1.774063842281354608e+00 2.043307812922041222e+00
1.756498853743915012e+00 2.043307862286482202e+00
1.739107775984074289e+00 2.043307942666095833e+00
1.721888887112944966e+00 2.043308053202577135e+00
1.704840482290044701e+00 2.043308191844468436e+00
1.687960873554499530e+00 2.043308356573360296e+00
1.671248389657920441e+00 2.043308544336621235e+00
1.654701375898931071e+00 2.043308752689918517e+00
1.638318193959337421e+00 2.043308980337363856e+00
1.622097221741918505e+00 2.043309225421603870e+00
1.606036853209820148e+00 2.043309486519961027e+00
1.590135498227544852e+00 2.043309763471732321e+00
1.574391582403509737e+00 2.043310056274627584e+00
1.558803546934167894e+00 2.043310364609315144e+00
1.543369848449671178e+00 2.043310688278257459e+00
1.528088958861060442e+00 2.043311027198012830e+00
1.512959365208970564e+00 2.043311381463679854e+00
1.497979569513832487e+00 2.043311751492032702e+00
1.483148088627556760e+00 2.043312137836430509e+00
1.468463454086690101e+00 2.043312541044015607e+00
1.453924211967019708e+00 2.043312961710713971e+00
1.439528922739623740e+00 2.043313400472865471e+00
1.425276161128340213e+00 2.043313857981183368e+00
1.411164515968653665e+00 2.043314334968834078e+00
1.397192590067974027e+00 2.043314832362362665e+00
1.383359000067300837e+00 2.043315350620444892e+00
1.369662376304258355e+00 2.043315889886915926e+00
1.356101362677483380e+00 2.043316451791070687e+00
1.342674616512359975e+00 2.043317037936190239e+00
1.329380808428079153e+00 2.043317648512627205e+00
1.316218622206019040e+00 2.043318285671314793e+00
1.303186754659424462e+00 2.043318951499968339e+00
1.290283915504380818e+00 2.043319641960755995e+00
1.277508827232060051e+00 2.043320357899350181e+00
1.264860224982237824e+00 2.043321109448899886e+00
1.252336856418057032e+00 2.043321896675552640e+00
1.239937481602036762e+00 2.043322713340138819e+00
1.227660872873303610e+00 2.043323558456622280e+00
1.215505814726043354e+00 2.043324440512127360e+00
1.203471103689151889e+00 2.043325355854458181e+00
1.191555548207080761e+00 2.043326291189641264e+00
1.179757968521861988e+00 2.043327264475821359e+00
1.168077196556299047e+00 2.043328293059652356e+00
1.156512075798315831e+00 2.043329364656715441e+00
1.145061461186451135e+00 2.043330468404886524e+00
1.133724218996486455e+00 2.043331622750498511e+00
1.122499226729194666e+00 2.043332819518396182e+00
1.111385372999202481e+00 2.043334051773777471e+00
1.100381557424953138e+00 2.043335331763055596e+00
1.089486690519755552e+00 2.043336667317304123e+00
1.078699693583916597e+00 2.043338060642673426e+00
1.068019498597936989e+00 2.043339510266331871e+00
1.057445048116769204e+00 2.043341022507184412e+00
1.046975295165118336e+00 2.043342600897665839e+00
1.036609203133780355e+00 2.043344246932672803e+00
1.026345745677010202e+00 2.043345962712991959e+00
1.016183906610901300e+00 2.043347750818445885e+00
1.006122679812773590e+00 2.043349613418430355e+00
9.961610691215579960e-01 2.043351552990258835e+00
9.862980882391664261e-01 2.043353573454132821e+00
9.765327606328380039e-01 2.043355677410247928e+00
9.668641194384535176e-01 2.043357867991949739e+00
9.572912073648053299e-01 2.043360148789661768e+00
9.478130765988174167e-01 2.043362523506684347e+00
9.384287887117003235e-01 2.043364995955246677e+00
9.291374145660399320e-01 2.043367570122772925e+00
9.199380342238018260e-01 2.043370250285393652e+00
9.108297368552494833e-01 2.043373040871944823e+00
9.018116206487618580e-01 2.043375946510131769e+00
8.928827927215462479e-01 2.043378971726601989e+00
8.840423690312340099e-01 2.043382121256789308e+00
8.752894742883503554e-01 2.043385400810530772e+00
8.666232418696537820e-01 2.043388816130503383e+00
8.580428137323306004e-01 2.043392372832304460e+00
8.495473403290402237e-01 2.043396075227757791e+00
8.411359805238021181e-01 2.043399928705728286e+00
