# Wavelength [um]      (Rp/Rstar)^2
1.247264340295633467e+01 2.047670984325314247e+00
1.234915188411518194e+01 2.045242325706248643e+00
1.222688305357938887e+01 2.045386224313372914e+00
1.210582480552414708e+01 2.045815821969138248e+00
1.198596515398430462e+01 2.044849879653569236e+00
1.186729223166762992e+01 2.045760640217545667e+00
1.174979428877982990e+01 2.047404873831123240e+00
1.163345969186121920e+01 2.045125550686474281e+00
1.151827692263487002e+01 2.045195078084042439e+00
1.140423457686620701e+01 2.044914433801380493e+00
1.129132136323386781e+01 2.045129053294530763e+00
1.117952610221174936e+01 2.045275316420271050e+00
1.106883772496212970e+01 2.045579860659269666e+00
1.095924527223973222e+01 2.046783114641311574e+00
1.085073789330666472e+01 2.045055181969386737e+00
1.074330484485808412e+01 2.044857393919114585e+00
1.063693548995849980e+01 2.045151997774912189e+00
1.053161929698861421e+01 2.045264502662565764e+00
1.042734583860258724e+01 2.047259626925467479e+00
1.032410479069563181e+01 2.046217165211863698e+00
1.022188593138181290e+01 2.045466907823311420e+00
1.012067913998199487e+01 2.045377481092732097e+00
1.002047439602177548e+01 2.046231230152783187e+00
9.921261778239381712e+00 2.047610620630531564e+00
9.823031463603349778e+00 2.046810427254028841e+00
9.725773726339950187e+00 2.047725349945853424e+00
9.629478936970249592e+00 2.048089725220583635e+00
9.534137561356683221e+00 2.048197873566604876e+00
9.439740159759089977e+00 2.050126991517815078e+00
9.346277385900089385e+00 2.050727450081200054e+00
9.253739986039693832e+00 2.053010950673235691e+00
9.162118798059102787e+00 2.054669513304733908e+00
9.071404750553567098e+00 2.057133190453417360e+00
8.981588861934222123e+00 2.061177162842375399e+00
8.892662239538834612e+00 2.065915204785702564e+00
8.804616078751321240e+00 2.070846583677765196e+00
8.717441662130022806e+00 2.078290489010683917e+00
8.631130358544575998e+00 2.083683948255184770e+00
8.545673622321363183e+00 2.093974460706064189e+00
8.461062992397387461e+00 2.102503249806538577e+00
8.377290091482562318e+00 2.113623531337861294e+00
8.294346625230261338e+00 2.121664490936025160e+00
8.212224381416099561e+00 2.128238861408283444e+00
8.130915229124850541e+00 2.129307854936432598e+00
8.050411117945397876e+00 2.136389478161151434e+00
7.970704077173661695e+00 2.137423261800255325e+00
7.891786215023426365e+00 2.154970257334537287e+00
7.813649717844977083e+00 2.180311109903389166e+00
7.736286849351461825e+00 2.209305359600923779e+00
7.659689949852931612e+00 2.154677641254495235e+00
7.583851435497953375e+00 2.130294663360997820e+00
7.508763797522725270e+00 2.150163080741980703e+00
7.434419601507648245e+00 2.168674696978802885e+00
7.360811486641236634e+00 2.168227903963285019e+00
7.287932164991324235e+00 2.152477518183503857e+00
7.215774420783487741e+00 2.135113069611282111e+00
7.144331109686621772e+00 2.121644263323779533e+00
7.073595158105566050e+00 2.109299452553251353e+00
7.003559562480758949e+00 2.096485034418888116e+00
6.934217388594810849e+00 2.088066728344049050e+00
6.865561770885950210e+00 2.093230951157303288e+00
6.797585911768267763e+00 2.096668773991257506e+00
6.730283080958680664e+00 2.086911916097156094e+00
6.663646614810574853e+00 2.085586591926034128e+00
6.597669915654034156e+00 2.094846661413524380e+00
6.532346451142608146e+00 2.099542261979435498e+00
6.467669753606543281e+00 2.121198235287696132e+00
6.403633419412418704e+00 2.098336070279066323e+00
6.340231108329128062e+00 2.082661253559239256e+00
6.277456542900125669e+00 2.079713676483184948e+00
6.215303507821907658e+00 2.080248523503928748e+00
6.153765849328621584e+00 2.080261094027766600e+00
6.092837474582792900e+00 2.084935454973891655e+00
6.032512351072073287e+00 2.088223931409837419e+00
5.972784506011953987e+00 2.087488371554997890e+00
5.913648025754409510e+00 2.080202919239502624e+00
5.855097055202384659e+00 2.096395865853768026e+00
5.797125797230084032e+00 2.082371872947692992e+00
5.739728512108993819e+00 2.079538140566185245e+00
5.682899516939598605e+00 2.080383123816247348e+00
5.626633185088711464e+00 2.080897221444150347e+00
5.570923945632387131e+00 2.078796181145386779e+00
5.515766282804344556e+00 2.070177373394773035e+00
5.461154735449845532e+00 2.069987958355167468e+00
5.407083896484995655e+00 2.071954965276296967e+00
5.353548412361381459e+00 2.065477874935305103e+00
5.300542982536021519e+00 2.065642011052797766e+00
5.248062358946555150e+00 2.060595122510111565e+00
5.196101345491639378e+00 2.061517274329301319e+00
5.144654797516475142e+00 2.060926307079037123e+00
5.093717621303440524e+00 2.056023664631684511e+00
5.043284773567762613e+00 2.056399379976606934e+00
4.993351260958180937e+00 2.053865308859208039e+00
4.943912139562555375e+00 2.053451335257456378e+00
4.894962514418371491e+00 2.051636378539196670e+00
4.846497539028090884e+00 2.050515067187058449e+00
4.798512414879296806e+00 2.051105430055359502e+00
4.751002390969600420e+00 2.050097151963638176e+00
4.703962763336238417e+00 2.050016130312644513e+00
4.657388874590335348e+00 2.050378831821262349e+00
4.611276113455778258e+00 2.048015080291388124e+00
4.565619914312651240e+00 2.048079489627333771e+00
4.520415756745198799e+00 2.049965234350081822e+00
4.475659165094256764e+00 2.050034403191036247e+00
4.431345708014116092e+00 2.051058800837899376e+00
4.387470998033777825e+00 2.051728022988918987e+00
4.344030691122553023e+00 2.051241307027677596e+00
4.301020486259953479e+00 2.051653811188242749e+00
4.258436125009854578e+00 2.052623495740144577e+00
4.216273391098866341e+00 2.052430209118607962e+00
4.174528109998877135e+00 2.053467244233221134e+00
4.133196148513740731e+00 2.054663906971371024e+00
4.092273414370040108e+00 2.055519316661273521e+00
4.051755855811920881e+00 2.057450602344075730e+00
4.011639461199922430e+00 2.060803207676296100e+00
3.971920258613783616e+00 2.065479592174921386e+00
3.932594315459191581e+00 2.069441167664034964e+00
3.893657738078407426e+00 2.074111565801525447e+00
3.855106671364760818e+00 2.079936539486759273e+00
3.816937298380950860e+00 2.074324893494140287e+00
3.779145839981139510e+00 2.087655128127323678e+00
3.741728554436771326e+00 2.087359240002799154e+00
3.704681737066110259e+00 2.093589112686006448e+00
3.668001719867436616e+00 2.099892653340220683e+00
3.631684871155877570e+00 2.117643167741796617e+00
3.595727595203838334e+00 2.129054554268869026e+00
3.560126331884988726e+00 2.139603485914274295e+00
3.524877556321771355e+00 2.147005737848530771e+00
3.489977778536407005e+00 2.161813887335511275e+00
3.455423543105353712e+00 2.169771668770184014e+00
3.421211428817182210e+00 2.165961731171539562e+00
3.387338048333843332e+00 2.159569671685586556e+00
3.353800047855290511e+00 2.185081012682037471e+00
3.320594106787416067e+00 2.237349499288388888e+00
3.287716937413283524e+00 2.141920518513152683e+00
3.255165284567607564e+00 2.166416286710883377e+00
3.222935925314462935e+00 2.173558391898189335e+00
3.191025668628181045e+00 2.172345987244460375e+00
3.159431355077406689e+00 2.152318470733559419e+00
3.128149856512283833e+00 2.126342226377181177e+00
3.097178075754736692e+00 2.099765947475408456e+00
3.066512946291818587e+00 2.080482909108132272e+00
3.036151431972097470e+00 2.069697579322409275e+00
3.006090526705047061e+00 2.066928213341219678e+00
2.976327254163412928e+00 2.067629133990236401e+00
2.946858667488527761e+00 2.067825695390753005e+00
2.917681848998542549e+00 2.072168664960056361e+00
2.888793909899546541e+00 2.072010464441234934e+00
2.860191989999551154e+00 2.077273615752740277e+00
2.831873257425297830e+00 2.079332870570010705e+00
2.803834908341879206e+00 2.079102851846909239e+00
2.776074166675128296e+00 2.081381933557362895e+00
2.748588283836760127e+00 2.073000780196903037e+00
2.721374538452237868e+00 2.078403308530186511e+00
2.694430236091324815e+00 2.089048828768291344e+00
2.667752709001311562e+00 2.088527679776085666e+00
2.641339315842882840e+00 2.083764779148019830e+00
2.615187441428596937e+00 2.091936837613370681e+00
2.589294496463957262e+00 2.102162209628853251e+00
2.563657917291046751e+00 2.096308450008895097e+00
2.538275165634700237e+00 2.088029493038346729e+00
2.513143728351188155e+00 2.087388098515020829e+00
2.488261117179394244e+00 2.090958716141309903e+00
2.463624868494449949e+00 2.100621964142984410e+00
2.439232543063811764e+00 2.113252763959019287e+00
2.415081725805753532e+00 2.118841754231652441e+00
2.391170025550251044e+00 2.133183601513624961e+00
2.367495074802228761e+00 2.144857222931485285e+00
2.344054529507157536e+00 2.150070152585875416e+00
2.320846068818967822e+00 2.140114389841354381e+00
2.297867394870265034e+00 2.142586731515109921e+00
2.275116232544817318e+00 2.137725817550478080e+00
2.252590329252293522e+00 2.133233505407301944e+00
2.230287454705241146e+00 2.110400094751320843e+00
2.208205400698258991e+00 2.116522122545024143e+00
2.186341980889365377e+00 2.077331728085727303e+00
2.164695030583529967e+00 2.067612794122803521e+00
2.143262406518346097e+00 2.058869977404227392e+00
2.122041986651828083e+00 2.052934204333774382e+00
2.101031669952305059e+00 2.048240614203270304e+00
2.080229376190401158e+00 2.046269113671316919e+00
2.059633045733070489e+00 2.046148635258603576e+00
2.039240639339673589e+00 2.046825695730821071e+00
2.019050137960073155e+00 2.048559035381717575e+00
1.999059542534725509e+00 2.052413569863412945e+00
1.979266873796758031e+00 2.055631071198637194e+00
1.959670172075998140e+00 2.061328048318278761e+00
1.940267497104948502e+00 2.065934384874508645e+00
1.921056927826681582e+00 2.063764055905740413e+00
1.902036562204635128e+00 2.059113576702873427e+00
1.883204517034292147e+00 2.065566693391649444e+00
1.864558927756724938e+00 2.076046345038188079e+00
1.846097948273984990e+00 2.075140403485797869e+00
1.827819750766321860e+00 2.076449829702214700e+00
1.809722525511209934e+00 2.075854042553181955e+00
1.791804480704168201e+00 2.081287512810601203e+00
1.774063842281354608e+00 2.077054838927206770e+00
1.756498853743915012e+00 2.075005756960681680e+00
1.739107775984074289e+00 2.079602015021346340e+00
1.721888887112944966e+00 2.078848120508309361e+00
1.704840482290044701e+00 2.086372279998182311e+00
1.687960873554499530e+00 2.077102009639807179e+00
1.671248389657920441e+00 2.084093097347472501e+00
1.654701375898931071e+00 2.067847581818149649e+00
1.638318193959337421e+00 2.070956737532800851e+00
1.622097221741918505e+00 2.066898159214919595e+00
1.606036853209820148e+00 2.049593152383779593e+00
1.590135498227544852e+00 2.044261260847453077e+00
1.574391582403509737e+00 2.043974604847038190e+00
1.558803546934167894e+00 2.044425148956846350e+00
1.543369848449671178e+00 2.044737909415071719e+00
1.528088958861060442e+00 2.046195673125460690e+00
1.512959365208970564e+00 2.048846166755962983e+00
1.497979569513832487e+00 2.052175917524749593e+00
1.483148088627556760e+00 2.055854611585467673e+00
1.468463454086690101e+00 2.059049369339009061e+00
1.453924211967019708e+00 2.061979596487963473e+00
1.439528922739623740e+00 2.072900367901545859e+00
1.425276161128340213e+00 2.080003505717222811e+00
1.411164515968653665e+00 2.085308963213370337e+00
1.397192590067974027e+00 2.090673584901343585e+00
1.383359000067300837e+00 2.089035735089979973e+00
1.369662376304258355e+00 2.084234723903990449e+00
1.356101362677483380e+00 2.086286520871940109e+00
1.342674616512359975e+00 2.069763563115471161e+00
1.329380808428079153e+00 2.057063048676307293e+00
1.316218622206019040e+00 2.049184556548573788e+00
1.303186754659424462e+00 2.047015228274174259e+00
1.290283915504380818e+00 2.045140602900357152e+00
1.277508827232060051e+00 2.043913607979699343e+00
1.264860224982237824e+00 2.043525284289416710e+00
1.252336856418057032e+00 2.043560653790997605e+00
1.239937481602036762e+00 2.043717073934006478e+00
1.227660872873303610e+00 2.044137646983218204e+00
1.215505814726043354e+00 2.044828809211883147e+00
1.203471103689151889e+00 2.047393351607656342e+00
1.191555548207080761e+00 2.054333966671608724e+00
1.179757968521861988e+00 2.061983070461927969e+00
1.168077196556299047e+00 2.065703675167135600e+00
1.156512075798315831e+00 2.067980432584171080e+00
1.145061461186451135e+00 2.054694535324402160e+00
1.133724218996486455e+00 2.058751440383923548e+00
1.122499226729194666e+00 2.058690162616166219e+00
1.111385372999202481e+00 2.053589725286167234e+00
1.100381557424953138e+00 2.047306142651322602e+00
1.089486690519755552e+00 2.044438920859612097e+00
1.078699693583916597e+00 2.043823807076426302e+00
1.068019498597936989e+00 2.043651062611534286e+00
1.057445048116769204e+00 2.043546440129356601e+00
1.046975295165118336e+00 2.043693089085720338e+00
1.036609203133780355e+00 2.044158521686440633e+00
1.026345745677010202e+00 2.044859051688435514e+00
1.016183906610901300e+00 2.044893071112144245e+00
1.006122679812773590e+00 2.045702411960564682e+00
9.961610691215579960e-01 2.045597133450859584e+00
9.862980882391664261e-01 2.046257216649881361e+00
9.765327606328380039e-01 2.047346366833151077e+00
9.668641194384535176e-01 2.048710179312062785e+00
9.572912073648053299e-01 2.051234258418712653e+00
9.478130765988174167e-01 2.050895121604690896e+00
9.384287887117003235e-01 2.050689066116801573e+00
9.291374145660399320e-01 2.050788900262820125e+00
9.199380342238018260e-01 2.046019714506758014e+00
9.108297368552494833e-01 2.047373370322016495e+00
9.018116206487618580e-01 2.050678263699488024e+00
8.928827927215462479e-01 2.049936154463871674e+00
8.840423690312340099e-01 2.044430061206915727e+00
8.752894742883503554e-01 2.043820518906120043e+00
8.666232418696537820e-01 2.043704965394885331e+00
8.580428137323306004e-01 2.043678173447917246e+00
8.495473403290402237e-01 2.043766386523941492e+00
8.411359805238021181e-01 2.044117944564258327e+00
