# Wavelength [um]      (Rp/Rstar)^2
1.247264340295633467e+01 2.058333781484160241e+00
1.234915188411518194e+01 2.059049192769596637e+00
1.222688305357938887e+01 2.056078810344535324e+00
1.210582480552414708e+01 2.059354753143658900e+00
1.198596515398430462e+01 2.056594523670805419e+00
1.186729223166762992e+01 2.054906907858045972e+00
1.174979428877982990e+01 2.061432912054353306e+00
1.163345969186121920e+01 2.054514725322098556e+00
1.151827692263487002e+01 2.056208453628274313e+00
1.140423457686620701e+01 2.056215093235628011e+00
1.129132136323386781e+01 2.058143743919208735e+00
1.117952610221174936e+01 2.060198491738765458e+00
1.106883772496212970e+01 2.061394958853795423e+00
1.095924527223973222e+01 2.072651246875728326e+00
1.085073789330666472e+01 2.069051040744847025e+00
1.074330484485808412e+01 2.081120799095945717e+00
1.063693548995849980e+01 2.074203918498918942e+00
1.053161929698861421e+01 2.081821527337070155e+00
1.042734583860258724e+01 2.090962372690722937e+00
1.032410479069563181e+01 2.069581944444329302e+00
1.022188593138181290e+01 2.054359015910515396e+00
1.012067913998199487e+01 2.053614337492974506e+00
1.002047439602177548e+01 2.052491767091751740e+00
9.921261778239381712e+00 2.053666313784239250e+00
9.823031463603349778e+00 2.054188143671034528e+00
9.725773726339950187e+00 2.054631148515322359e+00
9.629478936970249592e+00 2.057411734839560857e+00
9.534137561356683221e+00 2.055997156947349858e+00
9.439740159759089977e+00 2.060401989873583695e+00
9.346277385900089385e+00 2.061281658110387660e+00
9.253739986039693832e+00 2.064301877399688401e+00
9.162118798059102787e+00 2.065123605534938012e+00
9.071404750553567098e+00 2.067867603815102928e+00
8.981588861934222123e+00 2.073152828459286834e+00
8.892662239538834612e+00 2.075143908505795665e+00
8.804616078751321240e+00 2.082948313720333289e+00
8.717441662130022806e+00 2.086229107250722858e+00
8.631130358544575998e+00 2.094351493163214339e+00
8.545673622321363183e+00 2.101293938397473582e+00
8.461062992397387461e+00 2.110262617606274649e+00
8.377290091482562318e+00 2.121417153786118615e+00
8.294346625230261338e+00 2.125964806629636161e+00
8.212224381416099561e+00 2.133845960303849321e+00
8.130915229124850541e+00 2.134841879033942735e+00
8.050411117945397876e+00 2.141094144449756875e+00
7.970704077173661695e+00 2.139750287285059116e+00
7.891786215023426365e+00 2.157872136639281457e+00
7.813649717844977083e+00 2.181982595233053601e+00
7.736286849351461825e+00 2.210525397013230808e+00
7.659689949852931612e+00 2.156544824501906987e+00
7.583851435497953375e+00 2.132986772626662475e+00
7.508763797522725270e+00 2.152289529534018087e+00
7.434419601507648245e+00 2.170134830565651818e+00
7.360811486641236634e+00 2.170195692662724163e+00
7.287932164991324235e+00 2.155494565745132540e+00
7.215774420783487741e+00 2.140454503553791188e+00
7.144331109686621772e+00 2.130483114203162387e+00
7.073595158105566050e+00 2.121570037254169261e+00
7.003559562480758949e+00 2.108872713334333238e+00
6.934217388594810849e+00 2.102098263957013380e+00
6.865561770885950210e+00 2.106460379791720072e+00
6.797585911768267763e+00 2.110327909112297284e+00
6.730283080958680664e+00 2.100783662805315366e+00
6.663646614810574853e+00 2.099911171015361067e+00
6.597669915654034156e+00 2.107726728822969520e+00
6.532346451142608146e+00 2.111196084611564938e+00
6.467669753606543281e+00 2.131002438574861824e+00
6.403633419412418704e+00 2.111880316766977739e+00
6.340231108329128062e+00 2.101149175634979382e+00
6.277456542900125669e+00 2.105064660127180964e+00
6.215303507821907658e+00 2.106314778891725137e+00
6.153765849328621584e+00 2.111810560425654071e+00
6.092837474582792900e+00 2.104774435487419826e+00
6.032512351072073287e+00 2.101703397979701737e+00
5.972784506011953987e+00 2.098708508747928914e+00
5.913648025754409510e+00 2.091748564520015119e+00
5.855097055202384659e+00 2.105905853025284546e+00
5.797125797230084032e+00 2.092965433764874206e+00
5.739728512108993819e+00 2.091561808823954927e+00
5.682899516939598605e+00 2.092015601326072005e+00
5.626633185088711464e+00 2.091041153515591944e+00
5.570923945632387131e+00 2.089335100457884842e+00
5.515766282804344556e+00 2.080490283097815585e+00
5.461154735449845532e+00 2.078161678384035760e+00
5.407083896484995655e+00 2.079635141663799480e+00
5.353548412361381459e+00 2.072850489945030628e+00
5.300542982536021519e+00 2.071433071380201163e+00
5.248062358946555150e+00 2.065548136883436747e+00
5.196101345491639378e+00 2.065557257038498129e+00
5.144654797516475142e+00 2.064292859186185325e+00
5.093717621303440524e+00 2.058293931805458943e+00
5.043284773567762613e+00 2.057882032634734237e+00
4.993351260958180937e+00 2.054786703293245864e+00
4.943912139562555375e+00 2.054012142563528265e+00
4.894962514418371491e+00 2.052051678780642430e+00
4.846497539028090884e+00 2.050866697657086402e+00
4.798512414879296806e+00 2.051433698630657609e+00
4.751002390969600420e+00 2.050408010218769839e+00
4.703962763336238417e+00 2.050317504798540469e+00
4.657388874590335348e+00 2.050739710010558881e+00
4.611276113455778258e+00 2.048437928581869016e+00
4.565619914312651240e+00 2.048616126101508783e+00
4.520415756745198799e+00 2.050638507295468038e+00
4.475659165094256764e+00 2.050732764848449463e+00
4.431345708014116092e+00 2.051880214223321452e+00
4.387470998033777825e+00 2.052499072069151165e+00
4.344030691122553023e+00 2.052271534340915693e+00
4.301020486259953479e+00 2.052850277020939807e+00
4.258436125009854578e+00 2.054637835763915898e+00
4.216273391098866341e+00 2.055713619695725747e+00
4.174528109998877135e+00 2.055516938001969329e+00
4.133196148513740731e+00 2.056821828368408323e+00
4.092273414370040108e+00 2.058364310632903038e+00
4.051755855811920881e+00 2.060476293449497120e+00
4.011639461199922430e+00 2.063939517843948135e+00
3.971920258613783616e+00 2.068123990805843526e+00
3.932594315459191581e+00 2.071635834059827097e+00
3.893657738078407426e+00 2.076518542264430334e+00
3.855106671364760818e+00 2.082015003300225153e+00
3.816937298380950860e+00 2.076362605900110569e+00
3.779145839981139510e+00 2.089246197569393448e+00
3.741728554436771326e+00 2.088654515511676024e+00
3.704681737066110259e+00 2.094459637407970920e+00
3.668001719867436616e+00 2.100517849682872029e+00
3.631684871155877570e+00 2.117960930429329203e+00
3.595727595203838334e+00 2.129339778710461761e+00
3.560126331884988726e+00 2.139787511321916025e+00
3.524877556321771355e+00 2.147158989131195295e+00
3.489977778536407005e+00 2.161946625414541856e+00
3.455423543105353712e+00 2.169946774853457327e+00
3.421211428817182210e+00 2.166077265451449740e+00
3.387338048333843332e+00 2.159749165717035790e+00
3.353800047855290511e+00 2.185186994550653683e+00
3.320594106787416067e+00 2.237458114249962104e+00
3.287716937413283524e+00 2.142744233141443022e+00
3.255165284567607564e+00 2.167340612019108992e+00
3.222935925314462935e+00 2.174996355759241773e+00
3.191025668628181045e+00 2.174580350817771457e+00
3.159431355077406689e+00 2.155956277957809419e+00
3.128149856512283833e+00 2.131634530307840336e+00
3.097178075754736692e+00 2.111195833971867053e+00
3.066512946291818587e+00 2.093079798715317796e+00
3.036151431972097470e+00 2.084942834050008909e+00
3.006090526705047061e+00 2.102811098334249174e+00
2.976327254163412928e+00 2.083945820448899866e+00
2.946858667488527761e+00 2.085988886408241427e+00
2.917681848998542549e+00 2.090078585655745336e+00
2.888793909899546541e+00 2.091064472439003286e+00
2.860191989999551154e+00 2.094778758553629494e+00
2.831873257425297830e+00 2.095983487649824006e+00
2.803834908341879206e+00 2.094046001677187352e+00
2.776074166675128296e+00 2.091591552682753985e+00
2.748588283836760127e+00 2.079290247221014631e+00
2.721374538452237868e+00 2.081100267871893728e+00
2.694430236091324815e+00 2.090386914320765399e+00
2.667752709001311562e+00 2.089422924445518248e+00
2.641339315842882840e+00 2.084392681621301424e+00
2.615187441428596937e+00 2.092550351161586608e+00
2.589294496463957262e+00 2.102952441159051222e+00
2.563657917291046751e+00 2.096935984540905018e+00
2.538275165634700237e+00 2.089025838241766131e+00
2.513143728351188155e+00 2.089029045292951636e+00
2.488261117179394244e+00 2.093794281751722330e+00
2.463624868494449949e+00 2.103363780413880946e+00
2.439232543063811764e+00 2.116013954191216406e+00
2.415081725805753532e+00 2.122127134763283962e+00
2.391170025550251044e+00 2.136550925247351351e+00
2.367495074802228761e+00 2.148588107847740680e+00
2.344054529507157536e+00 2.154269043118500093e+00
2.320846068818967822e+00 2.146401086610852271e+00
2.297867394870265034e+00 2.147476199934221341e+00
2.275116232544817318e+00 2.143920371695636096e+00
2.252590329252293522e+00 2.139412499437931547e+00
2.230287454705241146e+00 2.117136023149178037e+00
2.208205400698258991e+00 2.122717542760964360e+00
2.186341980889365377e+00 2.085668195984170747e+00
2.164695030583529967e+00 2.072252855267671112e+00
2.143262406518346097e+00 2.060354623582929534e+00
2.122041986651828083e+00 2.053817631392805598e+00
2.101031669952305059e+00 2.049772168881579315e+00
2.080229376190401158e+00 2.049636610133580117e+00
2.059633045733070489e+00 2.053152269826110210e+00
2.039240639339673589e+00 2.058766922446929826e+00
2.019050137960073155e+00 2.063888984075599176e+00
1.999059542534725509e+00 2.067137291769296503e+00
1.979266873796758031e+00 2.073308634922785831e+00
1.959670172075998140e+00 2.076867880283657097e+00
1.940267497104948502e+00 2.081123971056690447e+00
1.921056927826681582e+00 2.076154051578385840e+00
1.902036562204635128e+00 2.065552867743010612e+00
1.883204517034292147e+00 2.068039860531611929e+00
1.864558927756724938e+00 2.077001200547832216e+00
1.846097948273984990e+00 2.075535216910392222e+00
1.827819750766321860e+00 2.076641602609886839e+00
1.809722525511209934e+00 2.075972927745546759e+00
1.791804480704168201e+00 2.081420297052023027e+00
1.774063842281354608e+00 2.077301755824352725e+00
1.756498853743915012e+00 2.075423185790450376e+00
1.739107775984074289e+00 2.080099724148727791e+00
1.721888887112944966e+00 2.079609544650950159e+00
1.704840482290044701e+00 2.087462828100326906e+00
1.687960873554499530e+00 2.078716227680793338e+00
1.671248389657920441e+00 2.085574063278466284e+00
1.654701375898931071e+00 2.069670742490475668e+00
1.638318193959337421e+00 2.072855814813995945e+00
1.622097221741918505e+00 2.068161978507536247e+00
1.606036853209820148e+00 2.050561837665518805e+00
1.590135498227544852e+00 2.045709203054206338e+00
1.574391582403509737e+00 2.046607469354212228e+00
1.558803546934167894e+00 2.050412335825345878e+00
1.543369848449671178e+00 2.054258626963738177e+00
1.528088958861060442e+00 2.058246606406176848e+00
1.512959365208970564e+00 2.063932927921421356e+00
1.497979569513832487e+00 2.063155456981625502e+00
1.483148088627556760e+00 2.067193994086403919e+00
1.468463454086690101e+00 2.066380909722790538e+00
1.453924211967019708e+00 2.063956634939224433e+00
1.439528922739623740e+00 2.074342214391581951e+00
1.425276161128340213e+00 2.080910693666154998e+00
1.411164515968653665e+00 2.085509024486991159e+00
1.397192590067974027e+00 2.090728492597723864e+00
1.383359000067300837e+00 2.089094295449797745e+00
1.369662376304258355e+00 2.084364104902021619e+00
1.356101362677483380e+00 2.086586368291854399e+00
1.342674616512359975e+00 2.070384129973496634e+00
1.329380808428079153e+00 2.058156978685296679e+00
1.316218622206019040e+00 2.050788513026795989e+00
1.303186754659424462e+00 2.048457014884948357e+00
1.290283915504380818e+00 2.046574298942969161e+00
1.277508827232060051e+00 2.044619168861637970e+00
1.264860224982237824e+00 2.043882373597733171e+00
1.252336856418057032e+00 2.044278379356107678e+00
1.239937481602036762e+00 2.044795414355121466e+00
1.227660872873303610e+00 2.045864610379092063e+00
1.215505814726043354e+00 2.046990871685337332e+00
1.203471103689151889e+00 2.049302635936466555e+00
1.191555548207080761e+00 2.055615915044121778e+00
1.179757968521861988e+00 2.062438021978928671e+00
1.168077196556299047e+00 2.065934821720940562e+00
1.156512075798315831e+00 2.068036345574063350e+00
1.145061461186451135e+00 2.054722709369691813e+00
1.133724218996486455e+00 2.058769864398886540e+00
1.122499226729194666e+00 2.058709475121873744e+00
1.111385372999202481e+00 2.053623685542344202e+00
1.100381557424953138e+00 2.047386124199104263e+00
1.089486690519755552e+00 2.044578882757052352e+00
1.078699693583916597e+00 2.043978094375136667e+00
1.068019498597936989e+00 2.043866448663335778e+00
1.057445048116769204e+00 2.043896580010794217e+00
1.046975295165118336e+00 2.044460311021035981e+00
1.036609203133780355e+00 2.045544709308881437e+00
1.026345745677010202e+00 2.046070223439063085e+00
1.016183906610901300e+00 2.045884339511490513e+00
1.006122679812773590e+00 2.046019921367435934e+00
9.961610691215579960e-01 2.045882519422010493e+00
9.862980882391664261e-01 2.046512468445770949e+00
9.765327606328380039e-01 2.047462403861066260e+00
9.668641194384535176e-01 2.048728185992721773e+00
9.572912073648053299e-01 2.051241172369959287e+00
9.478130765988174167e-01 2.050913545156573203e+00
9.384287887117003235e-01 2.050726955061858092e+00
9.291374145660399320e-01 2.050834232172597194e+00
9.199380342238018260e-01 2.046054412494708874e+00
9.108297368552494833e-01 2.047401214523542734e+00
9.018116206487618580e-01 2.050731267935539393e+00
8.928827927215462479e-01 2.050002855934167201e+00
8.840423690312340099e-01 2.044497059514895909e+00
8.752894742883503554e-01 2.043861256385836267e+00
8.666232418696537820e-01 2.043719414286863767e+00
8.580428137323306004e-01 2.043682282274600581e+00
8.495473403290402237e-01 2.043767401107150494e+00
8.411359805238021181e-01 2.044118050406502185e+00
