# Wavelength [um]      (Rp/Rstar)^2
1.247264340295633467e+01 2.047652610407173057e+00
1.234915188411518194e+01 2.045219360567554823e+00
1.222688305357938887e+01 2.045362726710569845e+00
1.210582480552414708e+01 2.045783850564359518e+00
1.198596515398430462e+01 2.044823351187555094e+00
1.186729223166762992e+01 2.045712615045500726e+00
1.174979428877982990e+01 2.047360497921967060e+00
1.163345969186121920e+01 2.045077347275629176e+00
1.151827692263487002e+01 2.045132678079881750e+00
1.140423457686620701e+01 2.044851066272128204e+00
1.129132136323386781e+01 2.045033528612563600e+00
1.117952610221174936e+01 2.045155132452943558e+00
1.106883772496212970e+01 2.045463024097012195e+00
1.095924527223973222e+01 2.046615480855831226e+00
1.085073789330666472e+01 2.044903651218694218e+00
1.074330484485808412e+01 2.044554320563167327e+00
1.063693548995849980e+01 2.044843215002951187e+00
1.053161929698861421e+01 2.044871798826349618e+00
1.042734583860258724e+01 2.046826712060810127e+00
1.032410479069563181e+01 2.045750902443649988e+00
1.022188593138181290e+01 2.044500847530302590e+00
1.012067913998199487e+01 2.044568929809464919e+00
1.002047439602177548e+01 2.045024191608930231e+00
9.921261778239381712e+00 2.045815839601979658e+00
9.823031463603349778e+00 2.045403653196742333e+00
9.725773726339950187e+00 2.045062211643515315e+00
9.629478936970249592e+00 2.044897726568828400e+00
9.534137561356683221e+00 2.044734672410345677e+00
9.439740159759089977e+00 2.045538373985682057e+00
9.346277385900089385e+00 2.045071627680691950e+00
9.253739986039693832e+00 2.045534784260406358e+00
9.162118798059102787e+00 2.044157245064942785e+00
9.071404750553567098e+00 2.045441840607767237e+00
8.981588861934222123e+00 2.046019095510644981e+00
8.892662239538834612e+00 2.045186153461540979e+00
8.804616078751321240e+00 2.046290657665947421e+00
8.717441662130022806e+00 2.046858194330104741e+00
8.631130358544575998e+00 2.045829591347390952e+00
8.545673622321363183e+00 2.048098738419660503e+00
8.461062992397387461e+00 2.047903287093562508e+00
8.377290091482562318e+00 2.047811993185832513e+00
8.294346625230261338e+00 2.048592531786907145e+00
8.212224381416099561e+00 2.050553588114702119e+00
8.130915229124850541e+00 2.049757257246541453e+00
8.050411117945397876e+00 2.051596691083251489e+00
7.970704077173661695e+00 2.051453882867067868e+00
7.891786215023426365e+00 2.058491579845835862e+00
7.813649717844977083e+00 2.051045266088711294e+00
7.736286849351461825e+00 2.056660005895726062e+00
7.659689949852931612e+00 2.051433694669837937e+00
7.583851435497953375e+00 2.059928864360764500e+00
7.508763797522725270e+00 2.056410544927280704e+00
7.434419601507648245e+00 2.057517315857754436e+00
7.360811486641236634e+00 2.058946728975002305e+00
7.287932164991324235e+00 2.057347923705493020e+00
7.215774420783487741e+00 2.057263632071278714e+00
7.144331109686621772e+00 2.059085523381176674e+00
7.073595158105566050e+00 2.062802086026174209e+00
7.003559562480758949e+00 2.058916628437533092e+00
6.934217388594810849e+00 2.059380749915042053e+00
6.865561770885950210e+00 2.066787623839200450e+00
6.797585911768267763e+00 2.067422742672363256e+00
6.730283080958680664e+00 2.062750497700097885e+00
6.663646614810574853e+00 2.073988729608666759e+00
6.597669915654034156e+00 2.082169540891110948e+00
6.532346451142608146e+00 2.065843675230961018e+00
6.467669753606543281e+00 2.065354081224950011e+00
6.403633419412418704e+00 2.060291195911695183e+00
6.340231108329128062e+00 2.052875535757557213e+00
6.277456542900125669e+00 2.051890547394463749e+00
6.215303507821907658e+00 2.054430585987581992e+00
6.153765849328621584e+00 2.054534181820718786e+00
6.092837474582792900e+00 2.058667474344817006e+00
6.032512351072073287e+00 2.061566005555080849e+00
5.972784506011953987e+00 2.062931013692542948e+00
5.913648025754409510e+00 2.063834895835094940e+00
5.855097055202384659e+00 2.066667223169158518e+00
5.797125797230084032e+00 2.062391913735888593e+00
5.739728512108993819e+00 2.064652679313779160e+00
5.682899516939598605e+00 2.061892390598106584e+00
5.626633185088711464e+00 2.062681892643141168e+00
5.570923945632387131e+00 2.063385241240495382e+00
5.515766282804344556e+00 2.057902922766595921e+00
5.461154735449845532e+00 2.059454277383486964e+00
5.407083896484995655e+00 2.061839864050564408e+00
5.353548412361381459e+00 2.056719930645455996e+00
5.300542982536021519e+00 2.057946769098063733e+00
5.248062358946555150e+00 2.053408558986626886e+00
5.196101345491639378e+00 2.054913522347784127e+00
5.144654797516475142e+00 2.056017777518986289e+00
5.093717621303440524e+00 2.052139786190159132e+00
5.043284773567762613e+00 2.052780002219035893e+00
4.993351260958180937e+00 2.050547839699725650e+00
4.943912139562555375e+00 2.051737517826954793e+00
4.894962514418371491e+00 2.050472626181582214e+00
4.846497539028090884e+00 2.049494606339326008e+00
4.798512414879296806e+00 2.050618243898016058e+00
4.751002390969600420e+00 2.049673715886236369e+00
4.703962763336238417e+00 2.049594171072507187e+00
4.657388874590335348e+00 2.049903277997547235e+00
4.611276113455778258e+00 2.047298389009469588e+00
4.565619914312651240e+00 2.047082194314979287e+00
4.520415756745198799e+00 2.048697907127081663e+00
4.475659165094256764e+00 2.048349350980144923e+00
4.431345708014116092e+00 2.048995229149881414e+00
4.387470998033777825e+00 2.048946055870424665e+00
4.344030691122553023e+00 2.047837210467975400e+00
4.301020486259953479e+00 2.047467573363949356e+00
4.258436125009854578e+00 2.047016213498479065e+00
4.216273391098866341e+00 2.045736397681407137e+00
4.174528109998877135e+00 2.045330047821595443e+00
4.133196148513740731e+00 2.044207844464720480e+00
4.092273414370040108e+00 2.043938358219528517e+00
4.051755855811920881e+00 2.043628721868386400e+00
4.011639461199922430e+00 2.043634834777452891e+00
3.971920258613783616e+00 2.043621138699894146e+00
3.932594315459191581e+00 2.043660384705998201e+00
3.893657738078407426e+00 2.043622645334947308e+00
3.855106671364760818e+00 2.043565491968976300e+00
3.816937298380950860e+00 2.043623485370580362e+00
3.779145839981139510e+00 2.043497196461803611e+00
3.741728554436771326e+00 2.043537899901495258e+00
3.704681737066110259e+00 2.043526738335970983e+00
3.668001719867436616e+00 2.043600447549987820e+00
3.631684871155877570e+00 2.043709574414205310e+00
3.595727595203838334e+00 2.043850743140719128e+00
3.560126331884988726e+00 2.044405402173346431e+00
3.524877556321771355e+00 2.044952255579052469e+00
3.489977778536407005e+00 2.046099022780265564e+00
3.455423543105353712e+00 2.047234370656126679e+00
3.421211428817182210e+00 2.049811535359979064e+00
3.387338048333843332e+00 2.050475548759390865e+00
3.353800047855290511e+00 2.051607683322542286e+00
3.320594106787416067e+00 2.050900186672719006e+00
3.287716937413283524e+00 2.051872506695239906e+00
3.255165284567607564e+00 2.050200639574649486e+00
3.222935925314462935e+00 2.052801732158843873e+00
3.191025668628181045e+00 2.053238260984428631e+00
3.159431355077406689e+00 2.052082618261778180e+00
3.128149856512283833e+00 2.052769321331228358e+00
3.097178075754736692e+00 2.055615904694157781e+00
3.066512946291818587e+00 2.056447126712808604e+00
3.036151431972097470e+00 2.059026691899887407e+00
3.006090526705047061e+00 2.061062464677713368e+00
2.976327254163412928e+00 2.063957539576687150e+00
2.946858667488527761e+00 2.065593476491787150e+00
2.917681848998542549e+00 2.070950088198325822e+00
2.888793909899546541e+00 2.071237771344178746e+00
2.860191989999551154e+00 2.076734649617053563e+00
2.831873257425297830e+00 2.078810053237553745e+00
2.803834908341879206e+00 2.078472142284555790e+00
2.776074166675128296e+00 2.080576363366106296e+00
2.748588283836760127e+00 2.071818197175803622e+00
2.721374538452237868e+00 2.076680107037553125e+00
2.694430236091324815e+00 2.085858272642226119e+00
2.667752709001311562e+00 2.081974984415657204e+00
2.641339315842882840e+00 2.071284288486243685e+00
2.615187441428596937e+00 2.071021208498001975e+00
2.589294496463957262e+00 2.078637492957863486e+00
2.563657917291046751e+00 2.075267420000097118e+00
2.538275165634700237e+00 2.072778503339828937e+00
2.513143728351188155e+00 2.067571982504293082e+00
2.488261117179394244e+00 2.060682887497100602e+00
2.463624868494449949e+00 2.055815653653726649e+00
2.439232543063811764e+00 2.051054381933487214e+00
2.415081725805753532e+00 2.048886307930871897e+00
2.391170025550251044e+00 2.047171347645597272e+00
2.367495074802228761e+00 2.046429421096111589e+00
2.344054529507157536e+00 2.046336514826256003e+00
2.320846068818967822e+00 2.046179185860640626e+00
2.297867394870265034e+00 2.045114013524417018e+00
2.275116232544817318e+00 2.044822292508199801e+00
2.252590329252293522e+00 2.044268463543125414e+00
2.230287454705241146e+00 2.044101423134709439e+00
2.208205400698258991e+00 2.044277748121976934e+00
2.186341980889365377e+00 2.044095978185319407e+00
2.164695030583529967e+00 2.043941011886316161e+00
2.143262406518346097e+00 2.043914430620765277e+00
2.122041986651828083e+00 2.044061611889488983e+00
2.101031669952305059e+00 2.044309096225924716e+00
2.080229376190401158e+00 2.044718906920039991e+00
2.059633045733070489e+00 2.045339086913887883e+00
2.039240639339673589e+00 2.046365301446847251e+00
2.019050137960073155e+00 2.048284559079787570e+00
1.999059542534725509e+00 2.052154831464485074e+00
1.979266873796758031e+00 2.055301090469081160e+00
1.959670172075998140e+00 2.060760770930773145e+00
1.940267497104948502e+00 2.064895039221679163e+00
1.921056927826681582e+00 2.061806000288374019e+00
1.902036562204635128e+00 2.056694400630111108e+00
1.883204517034292147e+00 2.062041564555682438e+00
1.864558927756724938e+00 2.069619774607746265e+00
1.846097948273984990e+00 2.064700242064737790e+00
1.827819750766321860e+00 2.063186370166645744e+00
1.809722525511209934e+00 2.060978895414426137e+00
1.791804480704168201e+00 2.056145592437642833e+00
1.774063842281354608e+00 2.052823682672647809e+00
1.756498853743915012e+00 2.048574766261623825e+00
1.739107775984074289e+00 2.046516518527735862e+00
1.721888887112944966e+00 2.044982598661551076e+00
1.704840482290044701e+00 2.044507476576741034e+00
1.687960873554499530e+00 2.044065627093805126e+00
1.671248389657920441e+00 2.043993847186243773e+00
1.654701375898931071e+00 2.043745750673127581e+00
1.638318193959337421e+00 2.043541049178663194e+00
1.622097221741918505e+00 2.043422185167954819e+00
1.606036853209820148e+00 2.043415876306502899e+00
1.590135498227544852e+00 2.043465740125725905e+00
1.574391582403509737e+00 2.043571884235728664e+00
1.558803546934167894e+00 2.043887700832059728e+00
1.543369848449671178e+00 2.044536879843616095e+00
1.528088958861060442e+00 2.045965971072031486e+00
1.512959365208970564e+00 2.048423844038403718e+00
1.497979569513832487e+00 2.051474396046837789e+00
1.483148088627556760e+00 2.054558232500057979e+00
1.468463454086690101e+00 2.056466625385404257e+00
1.453924211967019708e+00 2.057981759822193002e+00
1.439528922739623740e+00 2.066739010635234575e+00
1.425276161128340213e+00 2.069870042014537947e+00
1.411164515968653665e+00 2.071337742433065010e+00
1.397192590067974027e+00 2.070351124271402554e+00
1.383359000067300837e+00 2.068956557712718247e+00
1.369662376304258355e+00 2.071206651716114067e+00
1.356101362677483380e+00 2.073607508012006218e+00
1.342674616512359975e+00 2.061926255185525747e+00
1.329380808428079153e+00 2.049968420649752154e+00
1.316218622206019040e+00 2.046222636028320441e+00
1.303186754659424462e+00 2.045817951381236011e+00
1.290283915504380818e+00 2.044852398761504819e+00
1.277508827232060051e+00 2.043816742282227761e+00
1.264860224982237824e+00 2.043454423588407565e+00
1.252336856418057032e+00 2.043437228624187529e+00
1.239937481602036762e+00 2.043496141855249082e+00
1.227660872873303610e+00 2.043730916992843927e+00
1.215505814726043354e+00 2.043904883865277355e+00
1.203471103689151889e+00 2.043948332498424669e+00
1.191555548207080761e+00 2.044398761219469840e+00
1.179757968521861988e+00 2.046029125483536770e+00
1.168077196556299047e+00 2.049175150771469500e+00
1.156512075798315831e+00 2.050976522549774472e+00
1.145061461186451135e+00 2.050015515953655498e+00
1.133724218996486455e+00 2.053653578691054360e+00
1.122499226729194666e+00 2.052850171149845249e+00
1.111385372999202481e+00 2.052043741991627979e+00
1.100381557424953138e+00 2.046947361362864815e+00
1.089486690519755552e+00 2.044163952943678808e+00
1.078699693583916597e+00 2.043751684429471194e+00
1.068019498597936989e+00 2.043575578222379452e+00
1.057445048116769204e+00 2.043421827244812139e+00
1.046975295165118336e+00 2.043396448831567014e+00
1.036609203133780355e+00 2.043412753253469827e+00
1.026345745677010202e+00 2.043552604846429865e+00
1.016183906610901300e+00 2.043527548425748464e+00
1.006122679812773590e+00 2.043790567121845481e+00
9.961610691215579960e-01 2.044160514775755111e+00
9.862980882391664261e-01 2.045418309738364915e+00
9.765327606328380039e-01 2.046800533276956546e+00
9.668641194384535176e-01 2.048350481781220367e+00
9.572912073648053299e-01 2.051041971868549751e+00
9.478130765988174167e-01 2.050782119298910633e+00
9.384287887117003235e-01 2.050616996488214383e+00
9.291374145660399320e-01 2.050701391521954520e+00
9.199380342238018260e-01 2.045607277400017132e+00
9.108297368552494833e-01 2.045341106362622785e+00
9.018116206487618580e-01 2.045122968499579308e+00
8.928827927215462479e-01 2.044699593465347576e+00
8.840423690312340099e-01 2.043440507901104652e+00
8.752894742883503554e-01 2.043416032934448623e+00
8.666232418696537820e-01 2.043399547181757647e+00
8.580428137323306004e-01 2.043418111879454546e+00
8.495473403290402237e-01 2.043502923326764087e+00
8.411359805238021181e-01 2.043878918818815116e+00
