# Wavelength [um]      (Rp/Rstar)^2
1.247264340295633467e+01 2.054040611078991607e-02
1.234915188411518194e+01 2.050875469462323450e-02
1.222688305357938887e+01 2.050489390125737749e-02
1.210582480552414708e+01 2.051727872001682731e-02
1.198596515398430462e+01 2.050157527404568650e-02
1.186729223166762992e+01 2.051128140540312006e-02
1.174979428877982990e+01 2.053368720066227684e-02
1.163345969186121920e+01 2.050217459657367042e-02
1.151827692263487002e+01 2.050432563878593073e-02
1.140423457686620701e+01 2.050234719880277348e-02
1.129132136323386781e+01 2.050792032205057611e-02
1.117952610221174936e+01 2.050862088277373083e-02
1.106883772496212970e+01 2.051762305518636115e-02
1.095924527223973222e+01 2.053269755032829935e-02
1.085073789330666472e+01 2.051011851952240853e-02
1.074330484485808412e+01 2.051445935841984466e-02
1.063693548995849980e+01 2.051405084969028236e-02
1.053161929698861421e+01 2.051798280162078422e-02
1.042734583860258724e+01 2.055276749817368243e-02
1.032410479069563181e+01 2.054986786295095319e-02
1.022188593138181290e+01 2.054425340548846415e-02
1.012067913998199487e+01 2.054926363963993641e-02
1.002047439602177548e+01 2.051936206321733347e-02
9.921261778239381712e+00 2.053257118889893068e-02
9.823031463603349778e+00 2.053288713550502007e-02
9.725773726339950187e+00 2.053883257043788782e-02
9.629478936970249592e+00 2.054360732456045335e-02
9.534137561356683221e+00 2.054732776799859245e-02
9.439740159759089977e+00 2.055938452240049091e-02
9.346277385900089385e+00 2.054784285619108003e-02
9.253739986039693832e+00 2.056650402319036564e-02
9.162118798059102787e+00 2.054748156733328737e-02
9.071404750553567098e+00 2.057077195523997204e-02
8.981588861934222123e+00 2.061019550667304509e-02
8.892662239538834612e+00 2.059470110323277994e-02
8.804616078751321240e+00 2.058976648002146248e-02
8.717441662130022806e+00 2.058765263709694954e-02
8.631130358544575998e+00 2.058310956245232998e-02
8.545673622321363183e+00 2.062277957012433396e-02
8.461062992397387461e+00 2.062197070845143282e-02
8.377290091482562318e+00 2.065297684056848632e-02
8.294346625230261338e+00 2.068008635803929990e-02
8.212224381416099561e+00 2.071707638177937294e-02
8.130915229124850541e+00 2.071248422467635367e-02
8.050411117945397876e+00 2.074897534666301016e-02
7.970704077173661695e+00 2.074894275292687301e-02
7.891786215023426365e+00 2.085249330139565815e-02
7.813649717844977083e+00 2.083655742481282935e-02
7.736286849351461825e+00 2.096415382492142210e-02
7.659689949852931612e+00 2.079266227200483874e-02
7.583851435497953375e+00 2.079909074923626255e-02
7.508763797522725270e+00 2.080674966288284175e-02
7.434419601507648245e+00 2.084801182273594150e-02
7.360811486641236634e+00 2.086749680276389629e-02
7.287932164991324235e+00 2.081773820929398722e-02
7.215774420783487741e+00 2.077582057552533612e-02
7.144331109686621772e+00 2.076577448417245980e-02
7.073595158105566050e+00 2.078599138599487167e-02
7.003559562480758949e+00 2.072824525902434642e-02
6.934217388594810849e+00 2.071884021082631699e-02
6.865561770885950210e+00 2.080422559575638430e-02
6.797585911768267763e+00 2.081386439829640417e-02
6.730283080958680664e+00 2.075571801581782908e-02
6.663646614810574853e+00 2.088713004649463134e-02
6.597669915654034156e+00 2.094701430753437288e-02
6.532346451142608146e+00 2.078487459893257200e-02
6.467669753606543281e+00 2.080164959886379034e-02
6.403633419412418704e+00 2.070972393791289251e-02
6.340231108329128062e+00 2.062489033725443260e-02
6.277456542900125669e+00 2.061874127898472714e-02
6.215303507821907658e+00 2.064168173570549158e-02
6.153765849328621584e+00 2.064681994335947762e-02
6.092837474582792900e+00 2.068406010731058120e-02
6.032512351072073287e+00 2.072778327313463606e-02
5.972784506011953987e+00 2.074669430981891660e-02
5.913648025754409510e+00 2.074466290575268518e-02
5.855097055202384659e+00 2.079108674961298309e-02
5.797125797230084032e+00 2.073636543768632434e-02
5.739728512108993819e+00 2.075931331248342948e-02
5.682899516939598605e+00 2.072625450048293586e-02
5.626633185088711464e+00 2.074153345375058174e-02
5.570923945632387131e+00 2.075053098260690870e-02
5.515766282804344556e+00 2.068888866909214877e-02
5.461154735449845532e+00 2.070817106615606765e-02
5.407083896484995655e+00 2.073563735606800615e-02
5.353548412361381459e+00 2.066721466284375530e-02
5.300542982536021519e+00 2.068873947623164553e-02
5.248062358946555150e+00 2.063396627834975655e-02
5.196101345491639378e+00 2.065017743504127951e-02
5.144654797516475142e+00 2.066622085017186250e-02
5.093717621303440524e+00 2.062379302103902606e-02
5.043284773567762613e+00 2.063870017569243223e-02
4.993351260958180937e+00 2.061375657489152718e-02
4.943912139562555375e+00 2.063489099683305655e-02
4.894962514418371491e+00 2.062902514363970652e-02
4.846497539028090884e+00 2.063408282402011060e-02
4.798512414879296806e+00 2.064365959951120280e-02
4.751002390969600420e+00 2.064374004710313459e-02
4.703962763336238417e+00 2.066305615997481374e-02
4.657388874590335348e+00 2.066774561204443375e-02
4.611276113455778258e+00 2.066130038874473135e-02
4.565619914312651240e+00 2.071391603879836618e-02
4.520415756745198799e+00 2.084720614666573171e-02
4.475659165094256764e+00 2.102872998998479154e-02
4.431345708014116092e+00 2.122964857992054588e-02
4.387470998033777825e+00 2.139122713762668312e-02
4.344030691122553023e+00 2.147326758875556588e-02
4.301020486259953479e+00 2.149662078587202471e-02
4.258436125009854578e+00 2.118975566922853479e-02
4.216273391098866341e+00 2.087716115764452762e-02
4.174528109998877135e+00 2.066007886784618566e-02
4.133196148513740731e+00 2.061489046277604695e-02
4.092273414370040108e+00 2.060018098162705313e-02
4.051755855811920881e+00 2.055660555883801616e-02
4.011639461199922430e+00 2.052775825680936903e-02
3.971920258613783616e+00 2.050861295449287608e-02
3.932594315459191581e+00 2.050459042213400446e-02
3.893657738078407426e+00 2.050991086638015437e-02
3.855106671364760818e+00 2.051349746903561796e-02
3.816937298380950860e+00 2.051184600093851340e-02
3.779145839981139510e+00 2.053335779718282877e-02
3.741728554436771326e+00 2.053547470747822679e-02
3.704681737066110259e+00 2.054674877477949760e-02
3.668001719867436616e+00 2.055889363195164549e-02
3.631684871155877570e+00 2.058319042285818717e-02
3.595727595203838334e+00 2.060982424956513820e-02
3.560126331884988726e+00 2.063703107727365288e-02
3.524877556321771355e+00 2.065833968576097357e-02
3.489977778536407005e+00 2.071013665331359471e-02
3.455423543105353712e+00 2.074161413823955719e-02
3.421211428817182210e+00 2.075904905536894718e-02
3.387338048333843332e+00 2.074805907047876097e-02
3.353800047855290511e+00 2.083469129377996804e-02
3.320594106787416067e+00 2.097872148642023274e-02
3.287716937413283524e+00 2.071729650778563955e-02
3.255165284567607564e+00 2.076024217525581500e-02
3.222935925314462935e+00 2.081492983079299280e-02
3.191025668628181045e+00 2.082068576902713908e-02
3.159431355077406689e+00 2.076894590717745862e-02
3.128149856512283833e+00 2.072278967235711630e-02
3.097178075754736692e+00 2.072065689663413895e-02
3.066512946291818587e+00 2.070261740445735257e-02
3.036151431972097470e+00 2.073558408384280211e-02
3.006090526705047061e+00 2.076442127890015116e-02
2.976327254163412928e+00 2.080407782036980402e-02
2.946858667488527761e+00 2.082999476414431825e-02
2.917681848998542549e+00 2.090687860800362688e-02
2.888793909899546541e+00 2.090975055872353397e-02
2.860191989999551154e+00 2.100307544244381722e-02
2.831873257425297830e+00 2.107587082585433980e-02
2.803834908341879206e+00 2.110128647533138918e-02
2.776074166675128296e+00 2.111709218689016010e-02
2.748588283836760127e+00 2.101866564611965665e-02
2.721374538452237868e+00 2.112815978206147860e-02
2.694430236091324815e+00 2.125587804384240775e-02
2.667752709001311562e+00 2.117973442863051170e-02
2.641339315842882840e+00 2.093402103492971247e-02
2.615187441428596937e+00 2.093510350770552003e-02
2.589294496463957262e+00 2.101795442875641767e-02
2.563657917291046751e+00 2.096875685448154614e-02
2.538275165634700237e+00 2.092163524520116585e-02
2.513143728351188155e+00 2.085497417939314452e-02
2.488261117179394244e+00 2.076434045939170095e-02
2.463624868494449949e+00 2.070921209485111769e-02
2.439232543063811764e+00 2.066491956254771015e-02
2.415081725805753532e+00 2.064244194595806631e-02
2.391170025550251044e+00 2.064621062833244675e-02
2.367495074802228761e+00 2.066434220073634989e-02
2.344054529507157536e+00 2.066542085522588001e-02
2.320846068818967822e+00 2.064878339185110406e-02
2.297867394870265034e+00 2.062684307377911364e-02
2.275116232544817318e+00 2.060804630009067592e-02
2.252590329252293522e+00 2.059273459889059826e-02
2.230287454705241146e+00 2.055560702104598444e-02
2.208205400698258991e+00 2.056400759227304878e-02
2.186341980889365377e+00 2.051054575932206164e-02
2.164695030583529967e+00 2.049841734451386677e-02
2.143262406518346097e+00 2.049267108740429610e-02
2.122041986651828083e+00 2.049107695898458661e-02
2.101031669952305059e+00 2.049609023661952412e-02
2.080229376190401158e+00 2.050967597236860729e-02
2.059633045733070489e+00 2.052464397319401709e-02
2.039240639339673589e+00 2.055082152173590138e-02
2.019050137960073155e+00 2.061307841232273841e-02
1.999059542534725509e+00 2.067587796958049798e-02
1.979266873796758031e+00 2.071139427285322021e-02
1.959670172075998140e+00 2.078746317184600872e-02
1.940267497104948502e+00 2.082208823219887373e-02
1.921056927826681582e+00 2.075877172315247071e-02
1.902036562204635128e+00 2.071252166223258931e-02
1.883204517034292147e+00 2.077202759690310180e-02
1.864558927756724938e+00 2.084874122387577605e-02
1.846097948273984990e+00 2.079423895461138261e-02
1.827819750766321860e+00 2.076615117879652625e-02
1.809722525511209934e+00 2.074279463879431101e-02
1.791804480704168201e+00 2.068332536246635794e-02
1.774063842281354608e+00 2.063973868030100425e-02
1.756498853743915012e+00 2.057862373152963970e-02
1.739107775984074289e+00 2.055311228395319267e-02
1.721888887112944966e+00 2.052152867791012109e-02
1.704840482290044701e+00 2.051804714110106592e-02
1.687960873554499530e+00 2.050400381063658545e-02
1.671248389657920441e+00 2.051380097107834838e-02
1.654701375898931071e+00 2.049274177974345218e-02
1.638318193959337421e+00 2.050035363781275294e-02
1.622097221741918505e+00 2.049689395776090745e-02
1.606036853209820148e+00 2.048317557115680518e-02
1.590135498227544852e+00 2.048016307059889046e-02
1.574391582403509737e+00 2.049112837468787876e-02
1.558803546934167894e+00 2.049563073338475996e-02
1.543369848449671178e+00 2.050317138320225177e-02
1.528088958861060442e+00 2.053407570596842147e-02
1.512959365208970564e+00 2.057731630039977277e-02
1.497979569513832487e+00 2.062510346673854592e-02
1.483148088627556760e+00 2.067749541535416832e-02
1.468463454086690101e+00 2.070688921950191233e-02
1.453924211967019708e+00 2.073373551273499302e-02
1.439528922739623740e+00 2.086154823076640311e-02
1.425276161128340213e+00 2.090022780265496025e-02
1.411164515968653665e+00 2.090845302748639903e-02
1.397192590067974027e+00 2.089367217673002153e-02
1.383359000067300837e+00 2.087266187168664716e-02
1.369662376304258355e+00 2.090908987315311107e-02
1.356101362677483380e+00 2.093151695742138246e-02
1.342674616512359975e+00 2.077628782241371097e-02
1.329380808428079153e+00 2.060244907397656630e-02
1.316218622206019040e+00 2.052596144768373959e-02
1.303186754659424462e+00 2.051736203824867932e-02
1.290283915504380818e+00 2.050147411449286874e-02
1.277508827232060051e+00 2.047880166268248661e-02
1.264860224982237824e+00 2.046775633963682922e-02
1.252336856418057032e+00 2.046707655928595160e-02
1.239937481602036762e+00 2.046913763984751708e-02
1.227660872873303610e+00 2.047599716864448652e-02
1.215505814726043354e+00 2.048151880553905277e-02
1.203471103689151889e+00 2.048422542868715002e-02
1.191555548207080761e+00 2.050114325117546182e-02
1.179757968521861988e+00 2.053953270996233121e-02
1.168077196556299047e+00 2.059288935761196399e-02
1.156512075798315831e+00 2.061072105910426860e-02
1.145061461186451135e+00 2.059349011783499772e-02
1.133724218996486455e+00 2.065146965019439007e-02
1.122499226729194666e+00 2.063772023376336806e-02
1.111385372999202481e+00 2.061767350193062509e-02
1.100381557424953138e+00 2.055109761319888484e-02
1.089486690519755552e+00 2.048787278088310543e-02
1.078699693583916597e+00 2.047506759273101662e-02
1.068019498597936989e+00 2.047064095492867955e-02
1.057445048116769204e+00 2.046586167392813044e-02
1.046975295165118336e+00 2.046497863136333834e-02
1.036609203133780355e+00 2.046563298048660606e-02
1.026345745677010202e+00 2.047001928626362641e-02
1.016183906610901300e+00 2.046966850060163642e-02
1.006122679812773590e+00 2.047821542803669043e-02
9.961610691215579960e-01 2.049004025866462894e-02
9.862980882391664261e-01 2.051874433860222113e-02
9.765327606328380039e-01 2.054424907703894174e-02
9.668641194384535176e-01 2.057258291352462992e-02
9.572912073648053299e-01 2.061507922563388107e-02
9.478130765988174167e-01 2.060713096413642129e-02
9.384287887117003235e-01 2.061553858008027124e-02
9.291374145660399320e-01 2.060969082115763490e-02
9.199380342238018260e-01 2.051860817958234620e-02
9.108297368552494833e-01 2.051094953252004249e-02
9.018116206487618580e-01 2.050456012111422088e-02
8.928827927215462479e-01 2.049733001660447237e-02
8.840423690312340099e-01 2.046539174161758276e-02
8.752894742883503554e-01 2.046420545365200752e-02
8.666232418696537820e-01 2.046345169515525336e-02
8.580428137323306004e-01 2.046400962469926976e-02
8.495473403290402237e-01 2.046701647669052146e-02
8.411359805238021181e-01 2.047795948038978048e-02
