# Wavelength [um]      (Rp/Rstar)^2
1.247264340295633467e+01 2.052309333651515022e+00
1.234915188411518194e+01 2.049570964017644048e+00
1.222688305357938887e+01 2.049734939066632844e+00
1.210582480552414708e+01 2.050213626590041471e+00
1.198596515398430462e+01 2.049098724709157882e+00
1.186729223166762992e+01 2.050382696249765768e+00
1.174979428877982990e+01 2.052374222806637061e+00
1.163345969186121920e+01 2.049066612097772744e+00
1.151827692263487002e+01 2.049141055012709156e+00
1.140423457686620701e+01 2.049131682288255707e+00
1.129132136323386781e+01 2.049490939652169441e+00
1.117952610221174936e+01 2.049444020582657622e+00
1.106883772496212970e+01 2.049982806015920644e+00
1.095924527223973222e+01 2.051488586360957100e+00
1.085073789330666472e+01 2.048944992653095376e+00
1.074330484485808412e+01 2.048719364257940878e+00
1.063693548995849980e+01 2.049020946314341618e+00
1.053161929698861421e+01 2.049137155758475437e+00
1.042734583860258724e+01 2.051697770243659402e+00
1.032410479069563181e+01 2.050366147618507995e+00
1.022188593138181290e+01 2.048333257566645305e+00
1.012067913998199487e+01 2.048474225347484357e+00
1.002047439602177548e+01 2.049180862101614320e+00
9.921261778239381712e+00 2.050630499471175039e+00
9.823031463603349778e+00 2.049716825523789865e+00
9.725773726339950187e+00 2.049563004936333144e+00
9.629478936970249592e+00 2.049433924366340420e+00
9.534137561356683221e+00 2.049256948435330905e+00
9.439740159759089977e+00 2.050586836130292134e+00
9.346277385900089385e+00 2.049700738998796012e+00
9.253739986039693832e+00 2.051087337433722180e+00
9.162118798059102787e+00 2.049131312531670357e+00
9.071404750553567098e+00 2.051480136072520555e+00
8.981588861934222123e+00 2.052629339195948699e+00
8.892662239538834612e+00 2.052051910503749355e+00
8.804616078751321240e+00 2.054535584381710134e+00
8.717441662130022806e+00 2.055839932746045484e+00
8.631130358544575998e+00 2.055501480177010176e+00
8.545673622321363183e+00 2.060313716947405727e+00
8.461062992397387461e+00 2.061091332520122332e+00
8.377290091482562318e+00 2.063681177617381568e+00
8.294346625230261338e+00 2.066268704318484417e+00
8.212224381416099561e+00 2.069676692568787502e+00
8.130915229124850541e+00 2.068734860901135342e+00
8.050411117945397876e+00 2.072197157285722735e+00
7.970704077173661695e+00 2.072175337106830995e+00
7.891786215023426365e+00 2.082914350284087224e+00
7.813649717844977083e+00 2.081987879541266295e+00
7.736286849351461825e+00 2.094751993528761957e+00
7.659689949852931612e+00 2.077551702871475392e+00
7.583851435497953375e+00 2.077904031652754391e+00
7.508763797522725270e+00 2.079356085484267425e+00
7.434419601507648245e+00 2.083690307713261802e+00
7.360811486641236634e+00 2.085580665311640214e+00
7.287932164991324235e+00 2.080904154895985236e+00
7.215774420783487741e+00 2.076467840075480797e+00
7.144331109686621772e+00 2.075719193254399020e+00
7.073595158105566050e+00 2.077728366442246344e+00
7.003559562480758949e+00 2.071956572042416234e+00
6.934217388594810849e+00 2.071151758586304403e+00
6.865561770885950210e+00 2.079576170998822526e+00
6.797585911768267763e+00 2.080953228430395985e+00
6.730283080958680664e+00 2.074749179889784578e+00
6.663646614810574853e+00 2.088026823565293011e+00
6.597669915654034156e+00 2.094462054752701974e+00
6.532346451142608146e+00 2.078411722861132294e+00
6.467669753606543281e+00 2.080111379604447919e+00
6.403633419412418704e+00 2.070925943615603781e+00
6.340231108329128062e+00 2.062438233883086003e+00
6.277456542900125669e+00 2.061789746072775209e+00
6.215303507821907658e+00 2.064038031723748112e+00
6.153765849328621584e+00 2.064419805796307017e+00
6.092837474582792900e+00 2.068341437668637983e+00
6.032512351072073287e+00 2.072750309908914623e+00
5.972784506011953987e+00 2.074645722179317531e+00
5.913648025754409510e+00 2.074440467391792442e+00
5.855097055202384659e+00 2.079080196680869630e+00
5.797125797230084032e+00 2.073602821522691819e+00
5.739728512108993819e+00 2.075891881828405783e+00
5.682899516939598605e+00 2.072575332696385608e+00
5.626633185088711464e+00 2.074117480150456494e+00
5.570923945632387131e+00 2.075015680984050981e+00
5.515766282804344556e+00 2.068850190499340602e+00
5.461154735449845532e+00 2.070775961791945896e+00
5.407083896484995655e+00 2.073490214346322080e+00
5.353548412361381459e+00 2.066620273024436294e+00
5.300542982536021519e+00 2.068688877087693001e+00
5.248062358946555150e+00 2.063136083476632354e+00
5.196101345491639378e+00 2.064551478387347760e+00
5.144654797516475142e+00 2.065889707561634481e+00
5.093717621303440524e+00 2.060924618207081505e+00
5.043284773567762613e+00 2.061695325044826888e+00
4.993351260958180937e+00 2.058707703355101337e+00
4.943912139562555375e+00 2.059833293131830168e+00
4.894962514418371491e+00 2.058100858376386011e+00
4.846497539028090884e+00 2.057215588925016103e+00
4.798512414879296806e+00 2.058337442386285687e+00
4.751002390969600420e+00 2.057157290347999989e+00
4.703962763336238417e+00 2.057520821339039685e+00
4.657388874590335348e+00 2.057636920053542706e+00
4.611276113455778258e+00 2.053396266312709439e+00
4.565619914312651240e+00 2.053009936477092179e+00
4.520415756745198799e+00 2.055425032482061543e+00
4.475659165094256764e+00 2.055253178048437768e+00
4.431345708014116092e+00 2.056695559446203525e+00
4.387470998033777825e+00 2.056433269704659228e+00
4.344030691122553023e+00 2.054889458139055325e+00
4.301020486259953479e+00 2.054338826214077596e+00
4.258436125009854578e+00 2.054003290426589245e+00
4.216273391098866341e+00 2.051944407308510687e+00
4.174528109998877135e+00 2.051486175141775448e+00
4.133196148513740731e+00 2.049425214376896509e+00
4.092273414370040108e+00 2.048903829382235475e+00
4.051755855811920881e+00 2.048320960141775338e+00
4.011639461199922430e+00 2.048428207395485146e+00
3.971920258613783616e+00 2.048796466718576958e+00
3.932594315459191581e+00 2.049203013334809143e+00
3.893657738078407426e+00 2.049641024830946900e+00
3.855106671364760818e+00 2.050291837421787111e+00
3.816937298380950860e+00 2.049787980546632138e+00
3.779145839981139510e+00 2.051062475755283110e+00
3.741728554436771326e+00 2.051112955891526202e+00
3.704681737066110259e+00 2.051891693275666118e+00
3.668001719867436616e+00 2.052682104030960186e+00
3.631684871155877570e+00 2.055561598498966358e+00
3.595727595203838334e+00 2.058788335018062465e+00
3.560126331884988726e+00 2.062510374847798644e+00
3.524877556321771355e+00 2.065226417952422011e+00
3.489977778536407005e+00 2.070639605738001432e+00
3.455423543105353712e+00 2.073982501610535767e+00
3.421211428817182210e+00 2.075797773952108738e+00
3.387338048333843332e+00 2.074714798234976953e+00
3.353800047855290511e+00 2.083416621678116254e+00
3.320594106787416067e+00 2.097861086119447105e+00
3.287716937413283524e+00 2.071714361443781627e+00
3.255165284567607564e+00 2.076011184669472431e+00
3.222935925314462935e+00 2.081477393437030088e+00
3.191025668628181045e+00 2.082047252951802818e+00
3.159431355077406689e+00 2.076862047598949435e+00
3.128149856512283833e+00 2.072240060698241848e+00
3.097178075754736692e+00 2.072011569396382757e+00
3.066512946291818587e+00 2.070187615631552180e+00
3.036151431972097470e+00 2.073396583299984108e+00
3.006090526705047061e+00 2.076147267243499961e+00
2.976327254163412928e+00 2.080043585450056298e+00
2.946858667488527761e+00 2.082417559846086341e+00
2.917681848998542549e+00 2.089813309813467690e+00
2.888793909899546541e+00 2.088980313624756668e+00
2.860191989999551154e+00 2.094324206293072255e+00
2.831873257425297830e+00 2.096439382022569298e+00
2.803834908341879206e+00 2.095822284613856556e+00
2.776074166675128296e+00 2.096867756383747228e+00
2.748588283836760127e+00 2.086815310362702292e+00
2.721374538452237868e+00 2.094855528320441085e+00
2.694430236091324815e+00 2.104448802173761734e+00
2.667752709001311562e+00 2.097749252881110582e+00
2.641339315842882840e+00 2.087721261311283882e+00
2.615187441428596937e+00 2.087037479454673772e+00
2.589294496463957262e+00 2.095477702993542302e+00
2.563657917291046751e+00 2.091290432776062413e+00
2.538275165634700237e+00 2.088153771503992395e+00
2.513143728351188155e+00 2.082779910653516975e+00
2.488261117179394244e+00 2.074895340839360447e+00
2.463624868494449949e+00 2.070021509176044550e+00
2.439232543063811764e+00 2.065619472408712021e+00
2.415081725805753532e+00 2.063083631831994058e+00
2.391170025550251044e+00 2.063145776374465612e+00
2.367495074802228761e+00 2.064595085191745838e+00
2.344054529507157536e+00 2.065192361075570027e+00
2.320846068818967822e+00 2.063188108630539030e+00
2.297867394870265034e+00 2.061747638629274348e+00
2.275116232544817318e+00 2.060726960829960319e+00
2.252590329252293522e+00 2.059157618683438162e+00
2.230287454705241146e+00 2.055416296469395832e+00
2.208205400698258991e+00 2.056198196643475917e+00
2.186341980889365377e+00 2.050737930039713941e+00
2.164695030583529967e+00 2.049633947789687660e+00
2.143262406518346097e+00 2.049051404611500704e+00
2.122041986651828083e+00 2.048921874809762400e+00
2.101031669952305059e+00 2.049088700170439648e+00
2.080229376190401158e+00 2.049805448355502602e+00
2.059633045733070489e+00 2.051071050205003132e+00
2.039240639339673589e+00 2.053151943295263848e+00
2.019050137960073155e+00 2.057045820594570973e+00
1.999059542534725509e+00 2.063183740536564503e+00
1.979266873796758031e+00 2.068036670930446963e+00
1.959670172075998140e+00 2.075171995506241096e+00
1.940267497104948502e+00 2.079300398006570294e+00
1.921056927826681582e+00 2.073054557304639722e+00
1.902036562204635128e+00 2.067877016777146970e+00
1.883204517034292147e+00 2.076657308975125016e+00
1.864558927756724938e+00 2.084784846182354823e+00
1.846097948273984990e+00 2.079372838862413087e+00
1.827819750766321860e+00 2.076596518250242163e+00
1.809722525511209934e+00 2.074258944084061529e+00
1.791804480704168201e+00 2.068298718194450991e+00
1.774063842281354608e+00 2.063937215583285578e+00
1.756498853743915012e+00 2.057823792421308529e+00
1.739107775984074289e+00 2.055295080141435360e+00
1.721888887112944966e+00 2.052146930044119522e+00
1.704840482290044701e+00 2.051799806626931399e+00
1.687960873554499530e+00 2.050388782884013494e+00
1.671248389657920441e+00 2.051340800193893976e+00
1.654701375898931071e+00 2.049120914097391832e+00
1.638318193959337421e+00 2.049353073412046200e+00
1.622097221741918505e+00 2.048413310451484115e+00
1.606036853209820148e+00 2.046984928274817594e+00
1.590135498227544852e+00 2.046886502138241859e+00
1.574391582403509737e+00 2.047249565821685380e+00
1.558803546934167894e+00 2.048251272736584028e+00
1.543369848449671178e+00 2.050088701914993372e+00
1.528088958861060442e+00 2.053317538701461498e+00
1.512959365208970564e+00 2.057701507928946238e+00
1.497979569513832487e+00 2.062497415091962161e+00
1.483148088627556760e+00 2.067735947096108973e+00
1.468463454086690101e+00 2.070671592386048587e+00
1.453924211967019708e+00 2.073322453767805218e+00
1.439528922739623740e+00 2.086039480061592677e+00
1.425276161128340213e+00 2.089971462907414868e+00
1.411164515968653665e+00 2.090844841447523361e+00
1.397192590067974027e+00 2.089366617221517064e+00
1.383359000067300837e+00 2.087262779411287017e+00
1.369662376304258355e+00 2.090889727976668500e+00
1.356101362677483380e+00 2.093122202874321491e+00
1.342674616512359975e+00 2.077552228552300484e+00
1.329380808428079153e+00 2.060154545874633314e+00
1.316218622206019040e+00 2.052482011658857353e+00
1.303186754659424462e+00 2.051519815187768270e+00
1.290283915504380818e+00 2.050107887177846866e+00
1.277508827232060051e+00 2.047826029093696931e+00
1.264860224982237824e+00 2.046762165693783775e+00
1.252336856418057032e+00 2.046705918430791638e+00
1.239937481602036762e+00 2.046911699257929040e+00
1.227660872873303610e+00 2.047595078294708326e+00
1.215505814726043354e+00 2.048144882972408709e+00
1.203471103689151889e+00 2.048415846377167782e+00
1.191555548207080761e+00 2.050113526222409277e+00
1.179757968521861988e+00 2.053953054044597160e+00
1.168077196556299047e+00 2.059288826376042270e+00
1.156512075798315831e+00 2.061072073421594819e+00
1.145061461186451135e+00 2.059348990753533837e+00
1.133724218996486455e+00 2.065146933823892805e+00
1.122499226729194666e+00 2.063772006759348798e+00
1.111385372999202481e+00 2.061767324713961180e+00
1.100381557424953138e+00 2.055109727306571266e+00
1.089486690519755552e+00 2.048787210121010727e+00
1.078699693583916597e+00 2.047506662503453256e+00
1.068019498597936989e+00 2.047063916407491302e+00
1.057445048116769204e+00 2.046585809270014433e+00
1.046975295165118336e+00 2.046497266122673686e+00
1.036609203133780355e+00 2.046561530133836904e+00
1.026345745677010202e+00 2.046996947930542099e+00
1.016183906610901300e+00 2.046961880589796667e+00
1.006122679812773590e+00 2.047814826211115324e+00
9.961610691215579960e-01 2.049001387157396881e+00
9.862980882391664261e-01 2.051874191179900553e+00
9.765327606328380039e-01 2.054424859118664237e+00
9.668641194384535176e-01 2.057258284200493836e+00
9.572912073648053299e-01 2.061507919598807081e+00
9.478130765988174167e-01 2.060713088433959062e+00
9.384287887117003235e-01 2.061553841659979014e+00
9.291374145660399320e-01 2.060968725739650953e+00
9.199380342238018260e-01 2.051858166119572502e+00
9.108297368552494833e-01 2.051092299481504622e+00
9.018116206487618580e-01 2.050450216979026408e+00
8.928827927215462479e-01 2.049732579125393528e+00
8.840423690312340099e-01 2.046539141826130948e+00
8.752894742883503554e-01 2.046420504138530383e+00
8.666232418696537820e-01 2.046345148044997675e+00
8.580428137323306004e-01 2.046400960788954837e+00
8.495473403290402237e-01 2.046701647236198518e+00
8.411359805238021181e-01 2.047795947953797047e+00
