# Wavelength [um]      (Rp/Rstar)^2
1.247264340295633467e+01 2.052308490574856314e+00
1.234915188411518194e+01 2.049569912433352847e+00
1.222688305357938887e+01 2.049733860688655263e+00
1.210582480552414708e+01 2.050212250347565046e+00
1.198596515398430462e+01 2.049097474386201601e+00
1.186729223166762992e+01 2.050380577621834455e+00
1.174979428877982990e+01 2.052372151383123899e+00
1.163345969186121920e+01 2.049064397445401919e+00
1.151827692263487002e+01 2.049138089214706859e+00
1.140423457686620701e+01 2.049128828275085468e+00
1.129132136323386781e+01 2.049486655990237161e+00
1.117952610221174936e+01 2.049438551820845333e+00
1.106883772496212970e+01 2.049977416695394794e+00
1.095924527223973222e+01 2.051480599257116566e+00
1.085073789330666472e+01 2.048937994121217798e+00
1.074330484485808412e+01 2.048705822811839994e+00
1.063693548995849980e+01 2.049006854958656199e+00
1.053161929698861421e+01 2.049118793893915491e+00
1.042734583860258724e+01 2.051677054976586589e+00
1.032410479069563181e+01 2.050342760634329853e+00
1.022188593138181290e+01 2.048283117989067037e+00
1.012067913998199487e+01 2.048434788929780037e+00
1.002047439602177548e+01 2.049118846586901022e+00
9.921261778239381712e+00 2.050520793071751946e+00
9.823031463603349778e+00 2.049643046257369594e+00
9.725773726339950187e+00 2.049411006967256199e+00
9.629478936970249592e+00 2.049229417823843047e+00
9.534137561356683221e+00 2.049016926223983681e+00
9.439740159759089977e+00 2.050304932184203288e+00
9.346277385900089385e+00 2.049305441590142163e+00
9.253739986039693832e+00 2.050497351911396926e+00
9.162118798059102787e+00 2.048234447150555582e+00
9.071404750553567098e+00 2.050488467459567143e+00
8.981588861934222123e+00 2.051288318779505904e+00
8.892662239538834612e+00 2.050032077833610966e+00
8.804616078751321240e+00 2.052029032940667630e+00
8.717441662130022806e+00 2.052372007277832200e+00
8.631130358544575998e+00 2.051162007828277289e+00
8.545673622321363183e+00 2.054639297795952224e+00
8.461062992397387461e+00 2.054114656472035172e+00
8.377290091482562318e+00 2.054462362058515179e+00
8.294346625230261338e+00 2.055710819717213589e+00
8.212224381416099561e+00 2.058389096565679477e+00
8.130915229124850541e+00 2.056902157515984264e+00
8.050411117945397876e+00 2.059301010231846529e+00
7.970704077173661695e+00 2.059679208884666046e+00
7.891786215023426365e+00 2.068267853412266710e+00
7.813649717844977083e+00 2.058710705695958154e+00
7.736286849351461825e+00 2.065332011960201442e+00
7.659689949852931612e+00 2.059616321802510086e+00
7.583851435497953375e+00 2.068389426184958246e+00
7.508763797522725270e+00 2.065041611375723285e+00
7.434419601507648245e+00 2.065677381606792817e+00
7.360811486641236634e+00 2.067739752296014366e+00
7.287932164991324235e+00 2.066071897371891453e+00
7.215774420783487741e+00 2.065336467441779789e+00
7.144331109686621772e+00 2.067492993319349104e+00
7.073595158105566050e+00 2.072377473641483281e+00
7.003559562480758949e+00 2.068066311945325975e+00
6.934217388594810849e+00 2.068573331045221675e+00
6.865561770885950210e+00 2.077419132409122682e+00
6.797585911768267763e+00 2.078602561962330508e+00
6.730283080958680664e+00 2.072774957621470460e+00
6.663646614810574853e+00 2.087282843788375253e+00
6.597669915654034156e+00 2.093640912841427060e+00
6.532346451142608146e+00 2.075680447218157365e+00
6.467669753606543281e+00 2.074299078845164512e+00
6.403633419412418704e+00 2.067306154253670147e+00
6.340231108329128062e+00 2.059806440838291675e+00
6.277456542900125669e+00 2.059387464836539117e+00
6.215303507821907658e+00 2.061901157281608832e+00
6.153765849328621584e+00 2.062348135843263819e+00
6.092837474582792900e+00 2.066274885610756673e+00
6.032512351072073287e+00 2.070593589152474934e+00
5.972784506011953987e+00 2.072648195600444332e+00
5.913648025754409510e+00 2.073266005953112945e+00
5.855097055202384659e+00 2.076646831228511569e+00
5.797125797230084032e+00 2.072101978156798197e+00
5.739728512108993819e+00 2.074836360434856086e+00
5.682899516939598605e+00 2.071199550320671712e+00
5.626633185088711464e+00 2.072787049921795965e+00
5.570923945632387131e+00 2.073904635981532962e+00
5.515766282804344556e+00 2.067980393097047287e+00
5.461154735449845532e+00 2.070002780619673466e+00
5.407083896484995655e+00 2.072724014648072544e+00
5.353548412361381459e+00 2.065962466981445367e+00
5.300542982536021519e+00 2.068119624710832216e+00
5.248062358946555150e+00 2.062572616994151176e+00
5.196101345491639378e+00 2.064035069946010825e+00
5.144654797516475142e+00 2.065552053585555825e+00
5.093717621303440524e+00 2.060671331285413910e+00
5.043284773567762613e+00 2.061462113921979533e+00
4.993351260958180937e+00 2.058507297810355130e+00
4.943912139562555375e+00 2.059742123510946321e+00
4.894962514418371491e+00 2.058041597711175008e+00
4.846497539028090884e+00 2.057164631817997691e+00
4.798512414879296806e+00 2.058314883408882245e+00
4.751002390969600420e+00 2.057137807278494712e+00
4.703962763336238417e+00 2.057501604061465983e+00
4.657388874590335348e+00 2.057614759422120354e+00
4.611276113455778258e+00 2.053360607367001212e+00
4.565619914312651240e+00 2.052957656911538198e+00
4.520415756745198799e+00 2.055355562048224005e+00
4.475659165094256764e+00 2.055149135038147001e+00
4.431345708014116092e+00 2.056569503176439273e+00
4.387470998033777825e+00 2.056247792910599781e+00
4.344030691122553023e+00 2.054641340572123109e+00
4.301020486259953479e+00 2.054044027631682034e+00
4.258436125009854578e+00 2.053603534409107922e+00
4.216273391098866341e+00 2.051454499590349201e+00
4.174528109998877135e+00 2.050841173170478537e+00
4.133196148513740731e+00 2.048596055250822889e+00
4.092273414370040108e+00 2.048031628980965024e+00
4.051755855811920881e+00 2.047255903039921332e+00
4.011639461199922430e+00 2.047225274807009221e+00
3.971920258613783616e+00 2.047167959023005857e+00
3.932594315459191581e+00 2.047231735501390926e+00
3.893657738078407426e+00 2.047203109247913044e+00
3.855106671364760818e+00 2.047105394813617529e+00
3.816937298380950860e+00 2.047276777661605429e+00
3.779145839981139510e+00 2.046958315384270755e+00
3.741728554436771326e+00 2.047094537385148350e+00
3.704681737066110259e+00 2.047041051575119397e+00
3.668001719867436616e+00 2.047265258555153178e+00
3.631684871155877570e+00 2.047569008158840909e+00
3.595727595203838334e+00 2.047986043128741329e+00
3.560126331884988726e+00 2.049198863213534505e+00
3.524877556321771355e+00 2.050272236336588172e+00
3.489977778536407005e+00 2.052559131941201986e+00
3.455423543105353712e+00 2.054069192587012260e+00
3.421211428817182210e+00 2.057798677610224836e+00
3.387338048333843332e+00 2.058683064760566506e+00
3.353800047855290511e+00 2.059686134680534852e+00
3.320594106787416067e+00 2.058631011195708460e+00
3.287716937413283524e+00 2.060091348071865891e+00
3.255165284567607564e+00 2.057831755437000254e+00
3.222935925314462935e+00 2.061806978296752746e+00
3.191025668628181045e+00 2.062357812210463326e+00
3.159431355077406689e+00 2.061804907941256815e+00
3.128149856512283833e+00 2.062798954349789327e+00
3.097178075754736692e+00 2.067355543052092681e+00
3.066512946291818587e+00 2.068274085456266675e+00
3.036151431972097470e+00 2.072853567563742061e+00
3.006090526705047061e+00 2.075886991183654828e+00
2.976327254163412928e+00 2.079889690855311279e+00
2.946858667488527761e+00 2.082326813477286542e+00
2.917681848998542549e+00 2.089766265662330813e+00
2.888793909899546541e+00 2.088950136624631693e+00
2.860191989999551154e+00 2.094303374476777169e+00
2.831873257425297830e+00 2.096419551236069712e+00
2.803834908341879206e+00 2.095798259521991724e+00
2.776074166675128296e+00 2.096837419999834751e+00
2.748588283836760127e+00 2.086769155715251234e+00
2.721374538452237868e+00 2.094789205536771171e+00
2.694430236091324815e+00 2.104320488147698676e+00
2.667752709001311562e+00 2.097454048187903819e+00
2.641339315842882840e+00 2.087054735511827186e+00
2.615187441428596937e+00 2.085825792055102657e+00
2.589294496463957262e+00 2.093978305287144348e+00
2.563657917291046751e+00 2.089898651126290918e+00
2.538275165634700237e+00 2.087347588064638604e+00
2.513143728351188155e+00 2.081668552067390987e+00
2.488261117179394244e+00 2.072903565772967749e+00
2.463624868494449949e+00 2.066474299464601927e+00
2.439232543063811764e+00 2.059735689473257025e+00
2.415081725805753532e+00 2.055778098869291970e+00
2.391170025550251044e+00 2.053260884347522630e+00
2.367495074802228761e+00 2.051904807315389156e+00
2.344054529507157536e+00 2.051713536569006013e+00
2.320846068818967822e+00 2.051522091316798857e+00
2.297867394870265034e+00 2.050025371243412664e+00
2.275116232544817318e+00 2.049776500424671521e+00
2.252590329252293522e+00 2.048762430180962379e+00
2.230287454705241146e+00 2.048510134877506328e+00
2.208205400698258991e+00 2.048589458178625922e+00
2.186341980889365377e+00 2.048276463454028029e+00
2.164695030583529967e+00 2.048017388249525172e+00
2.143262406518346097e+00 2.048055794518362838e+00
2.122041986651828083e+00 2.048437971423552995e+00
2.101031669952305059e+00 2.048907932592841874e+00
2.080229376190401158e+00 2.049737733412297480e+00
2.059633045733070489e+00 2.051036161331416086e+00
2.039240639339673589e+00 2.053132498410802587e+00
2.019050137960073155e+00 2.057034624159115310e+00
1.999059542534725509e+00 2.063173620555107224e+00
1.979266873796758031e+00 2.068024095150423403e+00
1.959670172075998140e+00 2.075150704304012717e+00
1.940267497104948502e+00 2.079260642763689493e+00
1.921056927826681582e+00 2.072976745363446227e+00
1.902036562204635128e+00 2.067781426357309105e+00
1.883204517034292147e+00 2.076520225863749847e+00
1.864558927756724938e+00 2.084523818403250850e+00
1.846097948273984990e+00 2.078922705309139474e+00
1.827819750766321860e+00 2.075966026930720965e+00
1.809722525511209934e+00 2.073538000180375818e+00
1.791804480704168201e+00 2.066949196863316907e+00
1.774063842281354608e+00 2.062666897820594869e+00
1.756498853743915012e+00 2.056322683934787676e+00
1.739107775984074289e+00 2.053273457299666926e+00
1.721888887112944966e+00 2.050035026596721099e+00
1.704840482290044701e+00 2.048824795696790435e+00
1.687960873554499530e+00 2.048051687122894204e+00
1.671248389657920441e+00 2.047984291516856459e+00
1.654701375898931071e+00 2.047544245805459795e+00
1.638318193959337421e+00 2.047039112012330797e+00
1.622097221741918505e+00 2.046691588083333624e+00
1.606036853209820148e+00 2.046678034172737970e+00
1.590135498227544852e+00 2.046851344149302143e+00
1.574391582403509737e+00 2.047232547689755489e+00
1.558803546934167894e+00 2.048229433610192718e+00
1.543369848449671178e+00 2.050080395010422052e+00
1.528088958861060442e+00 2.053308357515870153e+00
1.512959365208970564e+00 2.057685102311897385e+00
1.497979569513832487e+00 2.062470697672619924e+00
1.483148088627556760e+00 2.067688018398352590e+00
1.468463454086690101e+00 2.070576256785737979e+00
1.453924211967019708e+00 2.073175943944915112e+00
1.439528922739623740e+00 2.085820758028695376e+00
1.425276161128340213e+00 2.089603992671380972e+00
1.411164515968653665e+00 2.090306722448679100e+00
1.397192590067974027e+00 2.088513491743059003e+00
1.383359000067300837e+00 2.086419945599548242e+00
1.369662376304258355e+00 2.090386516170249287e+00
1.356101362677483380e+00 2.092626376092472817e+00
1.342674616512359975e+00 2.077227793444014203e+00
1.329380808428079153e+00 2.059840240019866542e+00
1.316218622206019040e+00 2.052349728443815913e+00
1.303186754659424462e+00 2.051469665023642364e+00
1.290283915504380818e+00 2.050096004445841835e+00
1.277508827232060051e+00 2.047821899707336968e+00
1.264860224982237824e+00 2.046759086738180411e+00
1.252336856418057032e+00 2.046700646909743959e+00
1.239937481602036762e+00 2.046902237737308283e+00
1.227660872873303610e+00 2.047577877864578788e+00
1.215505814726043354e+00 2.048105774898595577e+00
1.203471103689151889e+00 2.048268727052593441e+00
1.191555548207080761e+00 2.049666029892071251e+00
1.179757968521861988e+00 2.053182036196684823e+00
1.168077196556299047e+00 2.058424418349328988e+00
1.156512075798315831e+00 2.060273858069020303e+00
1.145061461186451135e+00 2.059161887424284298e+00
1.133724218996486455e+00 2.064947326509715353e+00
1.122499226729194666e+00 2.063541929227029392e+00
1.111385372999202481e+00 2.061706475966652796e+00
1.100381557424953138e+00 2.055095729290420614e+00
1.089486690519755552e+00 2.048775934041945579e+00
1.078699693583916597e+00 2.047503534910786627e+00
1.068019498597936989e+00 2.047060680652788900e+00
1.057445048116769204e+00 2.046580453261647392e+00
1.046975295165118336e+00 2.046484713326132354e+00
1.036609203133780355e+00 2.046530519225437939e+00
1.026345745677010202e+00 2.046943376942504500e+00
1.016183906610901300e+00 2.046905415697178654e+00
1.006122679812773590e+00 2.047736731348352102e+00
9.961610691215579960e-01 2.048943511174190935e+00
9.862980882391664261e-01 2.051841308871114045e+00
9.765327606328380039e-01 2.054403475431197723e+00
9.668641194384535176e-01 2.057244359012638135e+00
9.572912073648053299e-01 2.061500475897946938e+00
9.478130765988174167e-01 2.060708582592866378e+00
9.384287887117003235e-01 2.061551016643254464e+00
9.291374145660399320e-01 2.060965244818909525e+00
9.199380342238018260e-01 2.051841352470842317e+00
9.108297368552494833e-01 2.051010781139362305e+00
9.018116206487618580e-01 2.050215107185862529e+00
8.928827927215462479e-01 2.049513247320686737e+00
8.840423690312340099e-01 2.046496896482300265e+00
8.752894742883503554e-01 2.046403385266716946e+00
8.666232418696537820e-01 2.046332201683120466e+00
8.580428137323306004e-01 2.046390007228475305e+00
8.495473403290402237e-01 2.046690594549393172e+00
8.411359805238021181e-01 2.047786058714716972e+00
