# Wavelength [um]      (Rp/Rstar)^2
1.247264340295633467e+01 2.043488581153159345e+00
1.234915188411518194e+01 2.043488591167223145e+00
1.222688305357938887e+01 2.043488601375479163e+00
1.210582480552414708e+01 2.043488610624132562e+00
1.198596515398430462e+01 2.043488619596053102e+00
1.186729223166762992e+01 2.043488627209575803e+00
1.174979428877982990e+01 2.043488631916924536e+00
1.163345969186121920e+01 2.043488636790474544e+00
1.151827692263487002e+01 2.043488642360662411e+00
1.140423457686620701e+01 2.043488648367169258e+00
1.129132136323386781e+01 2.043488663889788892e+00
1.117952610221174936e+01 2.043488685306747321e+00
1.106883772496212970e+01 2.043488717168554736e+00
1.095924527223973222e+01 2.043488765279476649e+00
1.085073789330666472e+01 2.043488821557429169e+00
1.074330484485808412e+01 2.043488901549650461e+00
1.063693548995849980e+01 2.043488988517862204e+00
1.053161929698861421e+01 2.043489098234638757e+00
1.042734583860258724e+01 2.043489215160889660e+00
1.032410479069563181e+01 2.043489346765188674e+00
1.022188593138181290e+01 2.043489484270492706e+00
1.012067913998199487e+01 2.043489618833604027e+00
1.002047439602177548e+01 2.043489752672095427e+00
9.921261778239381712e+00 2.043489856533579729e+00
9.823031463603349778e+00 2.043489948316576932e+00
9.725773726339950187e+00 2.043490002290282437e+00
9.629478936970249592e+00 2.043490039435980066e+00
9.534137561356683221e+00 2.043490027012445864e+00
9.439740159759089977e+00 2.043489992015765644e+00
9.346277385900089385e+00 2.043489893786042622e+00
9.253739986039693832e+00 2.043489769769441189e+00
9.162118798059102787e+00 2.043489586968752381e+00
9.071404750553567098e+00 2.043489385537272440e+00
8.981588861934222123e+00 2.043489151864757325e+00
8.892662239538834612e+00 2.043488908285528982e+00
8.804616078751321240e+00 2.043488652752831314e+00
8.717441662130022806e+00 2.043488393966623740e+00
8.631130358544575998e+00 2.043488135058840083e+00
8.545673622321363183e+00 2.043487879061879564e+00
8.461062992397387461e+00 2.043487628111146037e+00
8.377290091482562318e+00 2.043487383978252581e+00
8.294346625230261338e+00 2.043487144874180927e+00
8.212224381416099561e+00 2.043486910579975113e+00
8.130915229124850541e+00 2.043486681611367040e+00
8.050411117945397876e+00 2.043486456245320326e+00
7.970704077173661695e+00 2.043486231487365856e+00
7.891786215023426365e+00 2.043486012273743935e+00
7.813649717844977083e+00 2.043485797926146930e+00
7.736286849351461825e+00 2.043485583944498529e+00
7.659689949852931612e+00 2.043485375107032098e+00
7.583851435497953375e+00 2.043485173114238496e+00
7.508763797522725270e+00 2.043484981833514791e+00
7.434419601507648245e+00 2.043484801028647269e+00
7.360811486641236634e+00 2.043484632218123043e+00
7.287932164991324235e+00 2.043484476094416635e+00
7.215774420783487741e+00 2.043484328935761596e+00
7.144331109686621772e+00 2.043484189410250451e+00
7.073595158105566050e+00 2.043484053033200798e+00
7.003559562480758949e+00 2.043483915910958792e+00
6.934217388594810849e+00 2.043483775141467618e+00
6.865561770885950210e+00 2.043483624623358530e+00
6.797585911768267763e+00 2.043483468622103061e+00
6.730283080958680664e+00 2.043483304354746899e+00
6.663646614810574853e+00 2.043483128948153205e+00
6.597669915654034156e+00 2.043482946675009959e+00
6.532346451142608146e+00 2.043482762507272010e+00
6.467669753606543281e+00 2.043482580125292714e+00
6.403633419412418704e+00 2.043482401350663391e+00
6.340231108329128062e+00 2.043482227813214536e+00
6.277456542900125669e+00 2.043482060313317916e+00
6.215303507821907658e+00 2.043481899243909439e+00
6.153765849328621584e+00 2.043481744730586858e+00
6.092837474582792900e+00 2.043481596707924730e+00
6.032512351072073287e+00 2.043481455282584847e+00
5.972784506011953987e+00 2.043481319990075651e+00
5.913648025754409510e+00 2.043481190892438626e+00
5.855097055202384659e+00 2.043481068496169950e+00
5.797125797230084032e+00 2.043480953131409539e+00
5.739728512108993819e+00 2.043480844687838083e+00
5.682899516939598605e+00 2.043480742999717048e+00
5.626633185088711464e+00 2.043480648130677757e+00
5.570923945632387131e+00 2.043480559602010693e+00
5.515766282804344556e+00 2.043480477046061061e+00
5.461154735449845532e+00 2.043480399966543626e+00
5.407083896484995655e+00 2.043480327880621061e+00
5.353548412361381459e+00 2.043480260595018638e+00
5.300542982536021519e+00 2.043480197879286475e+00
5.248062358946555150e+00 2.043480139316901756e+00
5.196101345491639378e+00 2.043480084933424035e+00
5.144654797516475142e+00 2.043480034763796915e+00
5.093717621303440524e+00 2.043479988641984324e+00
5.043284773567762613e+00 2.043479946322669605e+00
4.993351260958180937e+00 2.043479907501939863e+00
4.943912139562555375e+00 2.043479871784077861e+00
4.894962514418371491e+00 2.043479838704956641e+00
4.846497539028090884e+00 2.043479807940074888e+00
4.798512414879296806e+00 2.043479779133100749e+00
4.751002390969600420e+00 2.043479752211172507e+00
4.703962763336238417e+00 2.043479727000219182e+00
4.657388874590335348e+00 2.043479703717705931e+00
4.611276113455778258e+00 2.043479682464961922e+00
4.565619914312651240e+00 2.043479663242962374e+00
4.520415756745198799e+00 2.043479646051748144e+00
4.475659165094256764e+00 2.043479630783172851e+00
4.431345708014116092e+00 2.043479617227749401e+00
4.387470998033777825e+00 2.043479605295478230e+00
4.344030691122553023e+00 2.043479594873463423e+00
4.301020486259953479e+00 2.043479585820789701e+00
4.258436125009854578e+00 2.043479578131781160e+00
4.216273391098866341e+00 2.043479571882849566e+00
4.174528109998877135e+00 2.043479567058387403e+00
4.133196148513740731e+00 2.043479563572325297e+00
4.092273414370040108e+00 2.043479561305070913e+00
4.051755855811920881e+00 2.043479560137081208e+00
4.011639461199922430e+00 2.043479559920507782e+00
3.971920258613783616e+00 2.043479560571182851e+00
3.932594315459191581e+00 2.043479562078488243e+00
3.893657738078407426e+00 2.043479564520005898e+00
3.855106671364760818e+00 2.043479568039398231e+00
3.816937298380950860e+00 2.043479572722089355e+00
3.779145839981139510e+00 2.043479578644761485e+00
3.741728554436771326e+00 2.043479585934930398e+00
3.704681737066110259e+00 2.043479594728751181e+00
3.668001719867436616e+00 2.043479605150022138e+00
3.631684871155877570e+00 2.043479617424710071e+00
3.595727595203838334e+00 2.043479631775097616e+00
3.560126331884988726e+00 2.043479648446173691e+00
3.524877556321771355e+00 2.043479667757242879e+00
3.489977778536407005e+00 2.043479689977385938e+00
3.455423543105353712e+00 2.043479715600186708e+00
3.421211428817182210e+00 2.043479745245342816e+00
3.387338048333843332e+00 2.043479779574433941e+00
3.353800047855290511e+00 2.043479819245989759e+00
3.320594106787416067e+00 2.043479864370432164e+00
3.287716937413283524e+00 2.043479913797043857e+00
3.255165284567607564e+00 2.043479964495404033e+00
3.222935925314462935e+00 2.043480013092167979e+00
3.191025668628181045e+00 2.043480059196702836e+00
3.159431355077406689e+00 2.043480104589808555e+00
3.128149856512283833e+00 2.043480154872296950e+00
3.097178075754736692e+00 2.043480215171059822e+00
3.066512946291818587e+00 2.043480288749977447e+00
3.036151431972097470e+00 2.043480376143973931e+00
3.006090526705047061e+00 2.043480476223489273e+00
2.976327254163412928e+00 2.043480590135941632e+00
2.946858667488527761e+00 2.043480723141560595e+00
2.917681848998542549e+00 2.043480883897023759e+00
2.888793909899546541e+00 2.043481080997802568e+00
2.860191989999551154e+00 2.043481313701599689e+00
2.831873257425297830e+00 2.043481565132734268e+00
2.803834908341879206e+00 2.043481803368460525e+00
2.776074166675128296e+00 2.043482013776015016e+00
2.748588283836760127e+00 2.043482208660551969e+00
2.721374538452237868e+00 2.043482433602968218e+00
2.694430236091324815e+00 2.043482733639352844e+00
2.667752709001311562e+00 2.043483136815582579e+00
2.641339315842882840e+00 2.043483656638893198e+00
2.615187441428596937e+00 2.043484303121420709e+00
2.589294496463957262e+00 2.043485100148090705e+00
2.563657917291046751e+00 2.043486085999893120e+00
2.538275165634700237e+00 2.043487297565710570e+00
2.513143728351188155e+00 2.043488753024912619e+00
2.488261117179394244e+00 2.043490428281162341e+00
2.463624868494449949e+00 2.043492242089691047e+00
2.439232543063811764e+00 2.043493995796583196e+00
2.415081725805753532e+00 2.043495362802261184e+00
2.391170025550251044e+00 2.043496063253223749e+00
2.367495074802228761e+00 2.043496058014753203e+00
2.344054529507157536e+00 2.043495553712178392e+00
2.320846068818967822e+00 2.043494770963033780e+00
2.297867394870265034e+00 2.043493864965604701e+00
2.275116232544817318e+00 2.043492949159380512e+00
2.252590329252293522e+00 2.043492100552273705e+00
2.230287454705241146e+00 2.043491347241029654e+00
2.208205400698258991e+00 2.043490695154345449e+00
2.186341980889365377e+00 2.043490181509441950e+00
2.164695030583529967e+00 2.043489873666968215e+00
2.143262406518346097e+00 2.043489754497754163e+00
2.122041986651828083e+00 2.043489616173137957e+00
2.101031669952305059e+00 2.043489240552946118e+00
2.080229376190401158e+00 2.043488643733977650e+00
2.059633045733070489e+00 2.043488039574667514e+00
2.039240639339673589e+00 2.043487544028218750e+00
2.019050137960073155e+00 2.043487143077864054e+00
1.999059542534725509e+00 2.043486818175718867e+00
1.979266873796758031e+00 2.043486590720379414e+00
1.959670172075998140e+00 2.043486435412185553e+00
1.940267497104948502e+00 2.043486258648392173e+00
1.921056927826681582e+00 2.043486004935314515e+00
1.902036562204635128e+00 2.043485709840091147e+00
1.883204517034292147e+00 2.043485434301303805e+00
1.864558927756724938e+00 2.043485217392551068e+00
1.846097948273984990e+00 2.043485063361996090e+00
1.827819750766321860e+00 2.043484962348909306e+00
1.809722525511209934e+00 2.043484908679303658e+00
1.791804480704168201e+00 2.043484897196993000e+00
1.774063842281354608e+00 2.043484917736308137e+00
1.756498853743915012e+00 2.043484966928948765e+00
1.739107775984074289e+00 2.043485047072748806e+00
1.721888887112944966e+00 2.043485157347548764e+00
1.704840482290044701e+00 2.043485295711273686e+00
1.687960873554499530e+00 2.043485460145981314e+00
1.671248389657920441e+00 2.043485647610097988e+00
1.654701375898931071e+00 2.043485855661148598e+00
1.638318193959337421e+00 2.043486083000588760e+00
1.622097221741918505e+00 2.043486327773198497e+00
1.606036853209820148e+00 2.043486588558216521e+00
1.590135498227544852e+00 2.043486865190191626e+00
1.574391582403509737e+00 2.043487157664257925e+00
1.558803546934167894e+00 2.043487465660522862e+00
1.543369848449671178e+00 2.043487788980821396e+00
1.528088958861060442e+00 2.043488127542639976e+00
1.512959365208970564e+00 2.043488481439995397e+00
1.497979569513832487e+00 2.043488851088560487e+00
1.483148088627556760e+00 2.043489237040414963e+00
1.468463454086690101e+00 2.043489639841824523e+00
1.453924211967019708e+00 2.043490060087575166e+00
1.439528922739623740e+00 2.043490498412904532e+00
1.425276161128340213e+00 2.043490955467452075e+00
1.411164515968653665e+00 2.043491431983432527e+00
1.397192590067974027e+00 2.043491928885170950e+00
1.383359000067300837e+00 2.043492446628250025e+00
1.369662376304258355e+00 2.043492985355980895e+00
1.356101362677483380e+00 2.043493546694214125e+00
1.342674616512359975e+00 2.043494132243440120e+00
1.329380808428079153e+00 2.043494742200339775e+00
1.316218622206019040e+00 2.043495378706520427e+00
1.303186754659424462e+00 2.043496043831891651e+00
1.290283915504380818e+00 2.043496733578847646e+00
1.277508827232060051e+00 2.043497448806934180e+00
1.264860224982237824e+00 2.043498199566923024e+00
1.252336856418057032e+00 2.043498985895150000e+00
1.239937481602036762e+00 2.043499801633023694e+00
1.227660872873303610e+00 2.043500645883731259e+00
1.215505814726043354e+00 2.043501526988106498e+00
1.203471103689151889e+00 2.043502441299244410e+00
1.191555548207080761e+00 2.043503375726351212e+00
1.179757968521861988e+00 2.043504348088709399e+00
1.168077196556299047e+00 2.043505375551971426e+00
1.156512075798315831e+00 2.043506445981960074e+00
1.145061461186451135e+00 2.043507548682587327e+00
1.133724218996486455e+00 2.043508701867641442e+00
1.122499226729194666e+00 2.043509897469476755e+00
1.111385372999202481e+00 2.043511128643658914e+00
1.100381557424953138e+00 2.043512407495963412e+00
1.089486690519755552e+00 2.043513741821558760e+00
1.078699693583916597e+00 2.043515133819155061e+00
1.068019498597936989e+00 2.043516582053505282e+00
1.057445048116769204e+00 2.043518092825303167e+00
1.046975295165118336e+00 2.043519669662416938e+00
1.036609203133780355e+00 2.043521314063192484e+00
1.026345745677010202e+00 2.043523028132250730e+00
1.016183906610901300e+00 2.043524814450979665e+00
1.006122679812773590e+00 2.043526675192410380e+00
9.961610691215579960e-01 2.043528612832365532e+00
9.862980882391664261e-01 2.043530631281490262e+00
9.765327606328380039e-01 2.043532733139483248e+00
9.668641194384535176e-01 2.043534921537462079e+00
9.572912073648053299e-01 2.043537200061974257e+00
9.478130765988174167e-01 2.043539572412453875e+00
9.384287887117003235e-01 2.043542042397577863e+00
9.291374145660399320e-01 2.043544614000939674e+00
9.199380342238018260e-01 2.043547291493942097e+00
9.108297368552494833e-01 2.043550079301071687e+00
9.018116206487618580e-01 2.043552982044068322e+00
8.928827927215462479e-01 2.043556004246623647e+00
8.840423690312340099e-01 2.043559150643063926e+00
8.752894742883503554e-01 2.043562426932254983e+00
8.666232418696537820e-01 2.043565838848402372e+00
8.580428137323306004e-01 2.043569391993617312e+00
8.495473403290402237e-01 2.043573090693072913e+00
8.411359805238021181e-01 2.043576940351834459e+00
