# Wavelength [um]      (Rp/Rstar)^2
1.247264340295633467e+01 2.047769678759558065e+00
1.234915188411518194e+01 2.045471339836072211e+00
1.222688305357938887e+01 2.045560319612983680e+00
1.210582480552414708e+01 2.045991899863221608e+00
1.198596515398430462e+01 2.045063679803887258e+00
1.186729223166762992e+01 2.045985204304181515e+00
1.174979428877982990e+01 2.047600273943967597e+00
1.163345969186121920e+01 2.045331957437611869e+00
1.151827692263487002e+01 2.045393133338428093e+00
1.140423457686620701e+01 2.045129183813256368e+00
1.129132136323386781e+01 2.045361964054277948e+00
1.117952610221174936e+01 2.045482783127452908e+00
1.106883772496212970e+01 2.045814201482127892e+00
1.095924527223973222e+01 2.046988941761803016e+00
1.085073789330666472e+01 2.045240068746109419e+00
1.074330484485808412e+01 2.045094355553529031e+00
1.063693548995849980e+01 2.045378602493185483e+00
1.053161929698861421e+01 2.045504257298672357e+00
1.042734583860258724e+01 2.047506623952229265e+00
1.032410479069563181e+01 2.046471504178114742e+00
1.022188593138181290e+01 2.045738154857989155e+00
1.012067913998199487e+01 2.045636017881457214e+00
1.002047439602177548e+01 2.046493077751664558e+00
9.921261778239381712e+00 2.047926187971081280e+00
9.823031463603349778e+00 2.047101971998091852e+00
9.725773726339950187e+00 2.048101069306712319e+00
9.629478936970249592e+00 2.048466569563760054e+00
9.534137561356683221e+00 2.048637073883337489e+00
9.439740159759089977e+00 2.050599917177387876e+00
9.346277385900089385e+00 2.051238248713147527e+00
9.253739986039693832e+00 2.053635079173425471e+00
9.162118798059102787e+00 2.055348518014198600e+00
9.071404750553567098e+00 2.057913305032274653e+00
8.981588861934222123e+00 2.062113575076660599e+00
8.892662239538834612e+00 2.066905000529741798e+00
8.804616078751321240e+00 2.071925570016732721e+00
8.717441662130022806e+00 2.079417705191926924e+00
8.631130358544575998e+00 2.084794548239148337e+00
8.545673622321363183e+00 2.094946232648496665e+00
8.461062992397387461e+00 2.103415210768583510e+00
8.377290091482562318e+00 2.113856575269513982e+00
8.294346625230261338e+00 2.121584323018304907e+00
8.212224381416099561e+00 2.127548355694640847e+00
8.130915229124850541e+00 2.128649069652799763e+00
8.050411117945397876e+00 2.135291209440038696e+00
7.970704077173661695e+00 2.136777727739795019e+00
7.891786215023426365e+00 2.153443984730037286e+00
7.813649717844977083e+00 2.176887748712282633e+00
7.736286849351461825e+00 2.202146472136583544e+00
7.659689949852931612e+00 2.150976051475821826e+00
7.583851435497953375e+00 2.129601295467923094e+00
7.508763797522725270e+00 2.148413135186989287e+00
7.434419601507648245e+00 2.165640129792845592e+00
7.360811486641236634e+00 2.165133609872218035e+00
7.287932164991324235e+00 2.150536793696083748e+00
7.215774420783487741e+00 2.134259976152309779e+00
7.144331109686621772e+00 2.121311662724248759e+00
7.073595158105566050e+00 2.109370632032471438e+00
7.003559562480758949e+00 2.096899338597525198e+00
6.934217388594810849e+00 2.088591852810562699e+00
6.865561770885950210e+00 2.093650325841610371e+00
6.797585911768267763e+00 2.097157247991789486e+00
6.730283080958680664e+00 2.087363464803662083e+00
6.663646614810574853e+00 2.085852628528654495e+00
6.597669915654034156e+00 2.094829903422155137e+00
6.532346451142608146e+00 2.099900486683260237e+00
6.467669753606543281e+00 2.120894809147842786e+00
6.403633419412418704e+00 2.098851773685284972e+00
6.340231108329128062e+00 2.083490519979449562e+00
6.277456542900125669e+00 2.080568916431421833e+00
6.215303507821907658e+00 2.081040001346279311e+00
6.153765849328621584e+00 2.081066705304504438e+00
6.092837474582792900e+00 2.085650063852573677e+00
6.032512351072073287e+00 2.088827817494170347e+00
5.972784506011953987e+00 2.087905211903827940e+00
5.913648025754409510e+00 2.080661241987650900e+00
5.855097055202384659e+00 2.096830204330616620e+00
5.797125797230084032e+00 2.082944812781699184e+00
5.739728512108993819e+00 2.079883210212560840e+00
5.682899516939598605e+00 2.080852263416810288e+00
5.626633185088711464e+00 2.081418971574666710e+00
5.570923945632387131e+00 2.079283079193624317e+00
5.515766282804344556e+00 2.070710096003975931e+00
5.461154735449845532e+00 2.070464978902449626e+00
5.407083896484995655e+00 2.072309963828983470e+00
5.353548412361381459e+00 2.065927398810424975e+00
5.300542982536021519e+00 2.066029517486861700e+00
5.248062358946555150e+00 2.061102234582532500e+00
5.196101345491639378e+00 2.061912799552831910e+00
5.144654797516475142e+00 2.061272728497760998e+00
5.093717621303440524e+00 2.056419227306274689e+00
5.043284773567762613e+00 2.056796457455779326e+00
4.993351260958180937e+00 2.054273341081544579e+00
4.943912139562555375e+00 2.053735240256457484e+00
4.894962514418371491e+00 2.051909299500072947e+00
4.846497539028090884e+00 2.050857972727567091e+00
4.798512414879296806e+00 2.051344292010155890e+00
4.751002390969600420e+00 2.050343553109690298e+00
4.703962763336238417e+00 2.050302848376523102e+00
4.657388874590335348e+00 2.050632216155864551e+00
4.611276113455778258e+00 2.048279095411956074e+00
4.565619914312651240e+00 2.048353361587537336e+00
4.520415756745198799e+00 2.050235479174428832e+00
4.475659165094256764e+00 2.050355913971975585e+00
4.431345708014116092e+00 2.051403749690294820e+00
4.387470998033777825e+00 2.052086844292302370e+00
4.344030691122553023e+00 2.051618499962866604e+00
4.301020486259953479e+00 2.052070680886968645e+00
4.258436125009854578e+00 2.053100073244406243e+00
4.216273391098866341e+00 2.052915891085031141e+00
4.174528109998877135e+00 2.053959108713495407e+00
4.133196148513740731e+00 2.055166741828688526e+00
4.092273414370040108e+00 2.056088984428238398e+00
4.051755855811920881e+00 2.058055800208905328e+00
4.011639461199922430e+00 2.061562480693441390e+00
3.971920258613783616e+00 2.066278601485755040e+00
3.932594315459191581e+00 2.070306774282529183e+00
3.893657738078407426e+00 2.074974869798757560e+00
3.855106671364760818e+00 2.080623207688822696e+00
3.816937298380950860e+00 2.075335507163666993e+00
3.779145839981139510e+00 2.088389480781969620e+00
3.741728554436771326e+00 2.088229516290918131e+00
3.704681737066110259e+00 2.094393717283242751e+00
3.668001719867436616e+00 2.100925957062294902e+00
3.631684871155877570e+00 2.118268852384662004e+00
3.595727595203838334e+00 2.128862067112390566e+00
3.560126331884988726e+00 2.139116508853068588e+00
3.524877556321771355e+00 2.145938318436597214e+00
3.489977778536407005e+00 2.159477499170858295e+00
3.455423543105353712e+00 2.166599132100745173e+00
3.421211428817182210e+00 2.163262026909183788e+00
3.387338048333843332e+00 2.157305763085960670e+00
3.353800047855290511e+00 2.181624086493500592e+00
3.320594106787416067e+00 2.225874837383869931e+00
3.287716937413283524e+00 2.141375556684248505e+00
3.255165284567607564e+00 2.163635156498411316e+00
3.222935925314462935e+00 2.170332253328267402e+00
3.191025668628181045e+00 2.169061585341999887e+00
3.159431355077406689e+00 2.150931269860635098e+00
3.128149856512283833e+00 2.126596434452718842e+00
3.097178075754736692e+00 2.100893327525203524e+00
3.066512946291818587e+00 2.081663001519106437e+00
3.036151431972097470e+00 2.070507458758829689e+00
3.006090526705047061e+00 2.067472350571256001e+00
2.976327254163412928e+00 2.067993771292668370e+00
2.946858667488527761e+00 2.068094559753559825e+00
2.917681848998542549e+00 2.072289595253541172e+00
2.888793909899546541e+00 2.072011821309734714e+00
2.860191989999551154e+00 2.076975005686794606e+00
2.831873257425297830e+00 2.078959565522834119e+00
2.803834908341879206e+00 2.078697145619445408e+00
2.776074166675128296e+00 2.080876550282314330e+00
2.748588283836760127e+00 2.072869617717609358e+00
2.721374538452237868e+00 2.078329258471491414e+00
2.694430236091324815e+00 2.088510953439219442e+00
2.667752709001311562e+00 2.088132625781160989e+00
2.641339315842882840e+00 2.083832229436663130e+00
2.615187441428596937e+00 2.092122271445866488e+00
2.589294496463957262e+00 2.101883246608713396e+00
2.563657917291046751e+00 2.096093237782463259e+00
2.538275165634700237e+00 2.088205580472792811e+00
2.513143728351188155e+00 2.087914115093652434e+00
2.488261117179394244e+00 2.091820873194847330e+00
2.463624868494449949e+00 2.101495524797005299e+00
2.439232543063811764e+00 2.113644774394567882e+00
2.415081725805753532e+00 2.118793115327525012e+00
2.391170025550251044e+00 2.132606835617556484e+00
2.367495074802228761e+00 2.143104945105850589e+00
2.344054529507157536e+00 2.148216292203349198e+00
2.320846068818967822e+00 2.138757125055850583e+00
2.297867394870265034e+00 2.141211171467759300e+00
2.275116232544817318e+00 2.136770986752787316e+00
2.252590329252293522e+00 2.132271235404284315e+00
2.230287454705241146e+00 2.110544924492959051e+00
2.208205400698258991e+00 2.116541361379324471e+00
2.186341980889365377e+00 2.078346870500773935e+00
2.164695030583529967e+00 2.068403639787455006e+00
2.143262406518346097e+00 2.059533277266139439e+00
2.122041986651828083e+00 2.053520957071948150e+00
2.101031669952305059e+00 2.048698863266427139e+00
2.080229376190401158e+00 2.046603569197867678e+00
2.059633045733070489e+00 2.046449225748196987e+00
2.039240639339673589e+00 2.047129897650704855e+00
2.019050137960073155e+00 2.048897073159526183e+00
1.999059542534725509e+00 2.052755168484796222e+00
1.979266873796758031e+00 2.055942832114855623e+00
1.959670172075998140e+00 2.061496951058693572e+00
1.940267497104948502e+00 2.065910904954830318e+00
1.921056927826681582e+00 2.063640618361847867e+00
1.902036562204635128e+00 2.059264470686409609e+00
1.883204517034292147e+00 2.065792219971063215e+00
1.864558927756724938e+00 2.075971205837336520e+00
1.846097948273984990e+00 2.075398225472003588e+00
1.827819750766321860e+00 2.076664977670373613e+00
1.809722525511209934e+00 2.076203214742245784e+00
1.791804480704168201e+00 2.081899667593421821e+00
1.774063842281354608e+00 2.077865712240102969e+00
1.756498853743915012e+00 2.075905151605369703e+00
1.739107775984074289e+00 2.080501331101765494e+00
1.721888887112944966e+00 2.079675911468716443e+00
1.704840482290044701e+00 2.087074217199157644e+00
1.687960873554499530e+00 2.077931788916738576e+00
1.671248389657920441e+00 2.084753805979278063e+00
1.654701375898931071e+00 2.068697472507734947e+00
1.638318193959337421e+00 2.071591210437037311e+00
1.622097221741918505e+00 2.067642222008141406e+00
1.606036853209820148e+00 2.050130646592426942e+00
1.590135498227544852e+00 2.044505838699737232e+00
1.574391582403509737e+00 2.044192893658528298e+00
1.558803546934167894e+00 2.044662547306494993e+00
1.543369848449671178e+00 2.044993093186864730e+00
1.528088958861060442e+00 2.046498139856430587e+00
1.512959365208970564e+00 2.049190772728534338e+00
1.497979569513832487e+00 2.052519151521541740e+00
1.483148088627556760e+00 2.056205023945230081e+00
1.468463454086690101e+00 2.059472995341162793e+00
1.453924211967019708e+00 2.062465943396176726e+00
1.439528922739623740e+00 2.073289863478004147e+00
1.425276161128340213e+00 2.080348201579704348e+00
1.411164515968653665e+00 2.085580833745313889e+00
1.397192590067974027e+00 2.091015148683065483e+00
1.383359000067300837e+00 2.089271323186965734e+00
1.369662376304258355e+00 2.084469026252917967e+00
1.356101362677483380e+00 2.086351739141196315e+00
1.342674616512359975e+00 2.070119900624887155e+00
1.329380808428079153e+00 2.057580366855086051e+00
1.316218622206019040e+00 2.049515387903977803e+00
1.303186754659424462e+00 2.047294350080179903e+00
1.290283915504380818e+00 2.045384508697857040e+00
1.277508827232060051e+00 2.044120563145428449e+00
1.264860224982237824e+00 2.043714826846495747e+00
1.252336856418057032e+00 2.043752054604117241e+00
1.239937481602036762e+00 2.043917653390054490e+00
1.227660872873303610e+00 2.044355982092191937e+00
1.215505814726043354e+00 2.045087146300361702e+00
1.203471103689151889e+00 2.047797219655215883e+00
1.191555548207080761e+00 2.054944982693147626e+00
1.179757968521861988e+00 2.062740580874252050e+00
1.168077196556299047e+00 2.066275535770541349e+00
1.156512075798315831e+00 2.068678251241253818e+00
1.145061461186451135e+00 2.055122013538671855e+00
1.133724218996486455e+00 2.059112030329133258e+00
1.122499226729194666e+00 2.059056397568439500e+00
1.111385372999202481e+00 2.053856578121077803e+00
1.100381557424953138e+00 2.047604951135117091e+00
1.089486690519755552e+00 2.044661375006150195e+00
1.078699693583916597e+00 2.044020342811521562e+00
1.068019498597936989e+00 2.043843204141215786e+00
1.057445048116769204e+00 2.043736084976536915e+00
1.046975295165118336e+00 2.043891158705883448e+00
1.036609203133780355e+00 2.044378934253824998e+00
1.026345745677010202e+00 2.045106884113732093e+00
1.016183906610901300e+00 2.045147892621085095e+00
1.006122679812773590e+00 2.045990813020118981e+00
9.961610691215579960e-01 2.045882517739620265e+00
9.862980882391664261e-01 2.046543336058352480e+00
9.765327606328380039e-01 2.047629261094000341e+00
9.668641194384535176e-01 2.048992733216431272e+00
9.572912073648053299e-01 2.051484634029584697e+00
9.478130765988174167e-01 2.051111008341625741e+00
9.384287887117003235e-01 2.050931448611294172e+00
9.291374145660399320e-01 2.051039405504776703e+00
9.199380342238018260e-01 2.046270079696788979e+00
9.108297368552494833e-01 2.047678459787542593e+00
9.018116206487618580e-01 2.051090734788242109e+00
8.928827927215462479e-01 2.050358595705817688e+00
8.840423690312340099e-01 2.044669743390699956e+00
8.752894742883503554e-01 2.044023339356403124e+00
8.666232418696537820e-01 2.043901188684469350e+00
8.580428137323306004e-01 2.043871913666778894e+00
8.495473403290402237e-01 2.043964735032150593e+00
8.411359805238021181e-01 2.044327456193840487e+00
