# Wavelength [um]      (Rp/Rstar)^2
1.247264340295633467e+01 2.047749512534803085e+00
1.234915188411518194e+01 2.045446203139759334e+00
1.222688305357938887e+01 2.045534564891159146e+00
1.210582480552414708e+01 2.045957574354464903e+00
1.198596515398430462e+01 2.045034372646398424e+00
1.186729223166762992e+01 2.045933301613045430e+00
1.174979428877982990e+01 2.047551424928148567e+00
1.163345969186121920e+01 2.045279295073066717e+00
1.151827692263487002e+01 2.045324210902368378e+00
1.140423457686620701e+01 2.045060334319131812e+00
1.129132136323386781e+01 2.045258387759136820e+00
1.117952610221174936e+01 2.045352112978357173e+00
1.106883772496212970e+01 2.045686702405890234e+00
1.095924527223973222e+01 2.046804483199143654e+00
1.085073789330666472e+01 2.045074681314108744e+00
1.074330484485808412e+01 2.044768435666352246e+00
1.063693548995849980e+01 2.045045525082141324e+00
1.053161929698861421e+01 2.045078923408174987e+00
1.042734583860258724e+01 2.047036116547608309e+00
1.032410479069563181e+01 2.045960606507680968e+00
1.022188593138181290e+01 2.044695645133527862e+00
1.012067913998199487e+01 2.044766571037584413e+00
1.002047439602177548e+01 2.045198764414259962e+00
9.921261778239381712e+00 2.046027918785689348e+00
9.823031463603349778e+00 2.045572313873268655e+00
9.725773726339950187e+00 2.045260939519736532e+00
9.629478936970249592e+00 2.045109447379604539e+00
9.534137561356683221e+00 2.044953726811897798e+00
9.439740159759089977e+00 2.045763146446299974e+00
9.346277385900089385e+00 2.045264197770129133e+00
9.253739986039693832e+00 2.045778629168891527e+00
9.162118798059102787e+00 2.044378217282743826e+00
9.071404750553567098e+00 2.045685934482088353e+00
8.981588861934222123e+00 2.046265006855441548e+00
8.892662239538834612e+00 2.045429202022996940e+00
8.804616078751321240e+00 2.046548858093593992e+00
8.717441662130022806e+00 2.047080752748815957e+00
8.631130358544575998e+00 2.046097093256244115e+00
8.545673622321363183e+00 2.048373707911065544e+00
8.461062992397387461e+00 2.048149536153168970e+00
8.377290091482562318e+00 2.048079210757901780e+00
8.294346625230261338e+00 2.048877293923847986e+00
8.212224381416099561e+00 2.050788898878940447e+00
8.130915229124850541e+00 2.049987186224311309e+00
8.050411117945397876e+00 2.051802049070572842e+00
7.970704077173661695e+00 2.051714264080137795e+00
7.891786215023426365e+00 2.058596028692574187e+00
7.813649717844977083e+00 2.051256520697722241e+00
7.736286849351461825e+00 2.056780727711512213e+00
7.659689949852931612e+00 2.051666000928099365e+00
7.583851435497953375e+00 2.059893982618355768e+00
7.508763797522725270e+00 2.056475781576137862e+00
7.434419601507648245e+00 2.057561886641549709e+00
7.360811486641236634e+00 2.058998169799745703e+00
7.287932164991324235e+00 2.057464621761143864e+00
7.215774420783487741e+00 2.057304000156457757e+00
7.144331109686621772e+00 2.059191863705293279e+00
7.073595158105566050e+00 2.062827477136653265e+00
7.003559562480758949e+00 2.058994397506984875e+00
6.934217388594810849e+00 2.059516740276935209e+00
6.865561770885950210e+00 2.066750761066827646e+00
6.797585911768267763e+00 2.067414506238886229e+00
6.730283080958680664e+00 2.062816411124917870e+00
6.663646614810574853e+00 2.073901447881355331e+00
6.597669915654034156e+00 2.081709880603709539e+00
6.532346451142608146e+00 2.065764156067653179e+00
6.467669753606543281e+00 2.065460741247028054e+00
6.403633419412418704e+00 2.060362886311158270e+00
6.340231108329128062e+00 2.052971383105543612e+00
6.277456542900125669e+00 2.051994237207618532e+00
6.215303507821907658e+00 2.054455952229521376e+00
6.153765849328621584e+00 2.054602672190660062e+00
6.092837474582792900e+00 2.058689469672944750e+00
6.032512351072073287e+00 2.061601503590651419e+00
5.972784506011953987e+00 2.062917356707055117e+00
5.913648025754409510e+00 2.063858354866052736e+00
5.855097055202384659e+00 2.066554615756058144e+00
5.797125797230084032e+00 2.062405004466370873e+00
5.739728512108993819e+00 2.064592177420615737e+00
5.682899516939598605e+00 2.061864759861175234e+00
5.626633185088711464e+00 2.062639498844725860e+00
5.570923945632387131e+00 2.063332093127419942e+00
5.515766282804344556e+00 2.057942314947605933e+00
5.461154735449845532e+00 2.059553253134763118e+00
5.407083896484995655e+00 2.061851257442467222e+00
5.353548412361381459e+00 2.056817608922205665e+00
5.300542982536021519e+00 2.058010623377703130e+00
5.248062358946555150e+00 2.053613471876095886e+00
5.196101345491639378e+00 2.055047071534850112e+00
5.144654797516475142e+00 2.056124877360376857e+00
5.093717621303440524e+00 2.052326534595621865e+00
5.043284773567762613e+00 2.052966840963864836e+00
4.993351260958180937e+00 2.050758431751882327e+00
4.943912139562555375e+00 2.051891946027533109e+00
4.894962514418371491e+00 2.050651166563825178e+00
4.846497539028090884e+00 2.049754222828383821e+00
4.798512414879296806e+00 2.050811274346018287e+00
4.751002390969600420e+00 2.049879997476147242e+00
4.703962763336238417e+00 2.049843346187082194e+00
4.657388874590335348e+00 2.050119635900224946e+00
4.611276113455778258e+00 2.047511979354672995e+00
4.565619914312651240e+00 2.047294748553807775e+00
4.520415756745198799e+00 2.048896349373094949e+00
4.475659165094256764e+00 2.048591001235664955e+00
4.431345708014116092e+00 2.049248128803402125e+00
4.387470998033777825e+00 2.049184491750477566e+00
4.344030691122553023e+00 2.048089983454535190e+00
4.301020486259953479e+00 2.047725195372612106e+00
4.258436125009854578e+00 2.047299011587734086e+00
4.216273391098866341e+00 2.045997616536174846e+00
4.174528109998877135e+00 2.045594986392773151e+00
4.133196148513740731e+00 2.044431794499002919e+00
4.092273414370040108e+00 2.044153149779521339e+00
4.051755855811920881e+00 2.043826532811210406e+00
4.011639461199922430e+00 2.043831098389200296e+00
3.971920258613783616e+00 2.043811121719679935e+00
3.932594315459191581e+00 2.043855946061037709e+00
3.893657738078407426e+00 2.043815246053529489e+00
3.855106671364760818e+00 2.043757695942362673e+00
3.816937298380950860e+00 2.043821082272917256e+00
3.779145839981139510e+00 2.043687430405421335e+00
3.741728554436771326e+00 2.043731012494387489e+00
3.704681737066110259e+00 2.043718050839504752e+00
3.668001719867436616e+00 2.043796642016985743e+00
3.631684871155877570e+00 2.043914183560548103e+00
3.595727595203838334e+00 2.044063729444043798e+00
3.560126331884988726e+00 2.044640600073214909e+00
3.524877556321771355e+00 2.045206290645087854e+00
3.489977778536407005e+00 2.046385136481806644e+00
3.455423543105353712e+00 2.047506335422352830e+00
3.421211428817182210e+00 2.050060982189061853e+00
3.387338048333843332e+00 2.050697457653804623e+00
3.353800047855290511e+00 2.051749338609698547e+00
3.320594106787416067e+00 2.051060250508089489e+00
3.287716937413283524e+00 2.052019574343528330e+00
3.255165284567607564e+00 2.050357268789208653e+00
3.222935925314462935e+00 2.052913673156180341e+00
3.191025668628181045e+00 2.053374209208795875e+00
3.159431355077406689e+00 2.052327675158399423e+00
3.128149856512283833e+00 2.052984475666002950e+00
3.097178075754736692e+00 2.055819389772946870e+00
3.066512946291818587e+00 2.056612863995338714e+00
3.036151431972097470e+00 2.059219727793823118e+00
3.006090526705047061e+00 2.061258517327968498e+00
2.976327254163412928e+00 2.064092896010865097e+00
2.946858667488527761e+00 2.065711128078982384e+00
2.917681848998542549e+00 2.070984772007697927e+00
2.888793909899546541e+00 2.071180424802542053e+00
2.860191989999551154e+00 2.076396329981466060e+00
2.831873257425297830e+00 2.078402967747479124e+00
2.803834908341879206e+00 2.078031663816854557e+00
2.776074166675128296e+00 2.080030643488151476e+00
2.748588283836760127e+00 2.071628118484290848e+00
2.721374538452237868e+00 2.076523822292883015e+00
2.694430236091324815e+00 2.085172823445383017e+00
2.667752709001311562e+00 2.081324790737914654e+00
2.641339315842882840e+00 2.071002529307225615e+00
2.615187441428596937e+00 2.070802391131101317e+00
2.589294496463957262e+00 2.078142548549091639e+00
2.563657917291046751e+00 2.074875992340958764e+00
2.538275165634700237e+00 2.072468682945186824e+00
2.513143728351188155e+00 2.067432518948364883e+00
2.488261117179394244e+00 2.060696829491737159e+00
2.463624868494449949e+00 2.055995691549509896e+00
2.439232543063811764e+00 2.051273266717926980e+00
2.415081725805753532e+00 2.049060668418119402e+00
2.391170025550251044e+00 2.047377128462648521e+00
2.367495074802228761e+00 2.046619624778330593e+00
2.344054529507157536e+00 2.046538022992179684e+00
2.320846068818967822e+00 2.046399244133074280e+00
2.297867394870265034e+00 2.045339235865702321e+00
2.275116232544817318e+00 2.045055339459907362e+00
2.252590329252293522e+00 2.044487081223471225e+00
2.230287454705241146e+00 2.044316711029428912e+00
2.208205400698258991e+00 2.044480579920575192e+00
2.186341980889365377e+00 2.044296309590094562e+00
2.164695030583529967e+00 2.044140282975306810e+00
2.143262406518346097e+00 2.044117777862099139e+00
2.122041986651828083e+00 2.044271010832442226e+00
2.101031669952305059e+00 2.044523615596423483e+00
2.080229376190401158e+00 2.044943631235627279e+00
2.059633045733070489e+00 2.045580784011444386e+00
2.039240639339673589e+00 2.046635275857542347e+00
2.019050137960073155e+00 2.048602810004449104e+00
1.999059542534725509e+00 2.052480313059775074e+00
1.979266873796758031e+00 2.055592903906851898e+00
1.959670172075998140e+00 2.060896218088009935e+00
1.940267497104948502e+00 2.064810533110081892e+00
1.921056927826681582e+00 2.061575409510413959e+00
1.902036562204635128e+00 2.056706812900830350e+00
1.883204517034292147e+00 2.062077969645502939e+00
1.864558927756724938e+00 2.069264097357143228e+00
1.846097948273984990e+00 2.064585757354495232e+00
1.827819750766321860e+00 2.063023460486074878e+00
1.809722525511209934e+00 2.060909076212118052e+00
1.791804480704168201e+00 2.056225255768874494e+00
1.774063842281354608e+00 2.053020456838235752e+00
1.756498853743915012e+00 2.048841337133682217e+00
1.739107775984074289e+00 2.046773861487072299e+00
1.721888887112944966e+00 2.045192800537230848e+00
1.704840482290044701e+00 2.044708392267418517e+00
1.687960873554499530e+00 2.044266616312246043e+00
1.671248389657920441e+00 2.044194154885675019e+00
1.654701375898931071e+00 2.043942582592808588e+00
1.638318193959337421e+00 2.043730789966675232e+00
1.622097221741918505e+00 2.043606157076630847e+00
1.606036853209820148e+00 2.043599513057075434e+00
1.590135498227544852e+00 2.043651591904033005e+00
1.574391582403509737e+00 2.043764719965449839e+00
1.558803546934167894e+00 2.044097731549908481e+00
1.543369848449671178e+00 2.044778495595561907e+00
1.528088958861060442e+00 2.046253736971852533e+00
1.512959365208970564e+00 2.048743271570593105e+00
1.497979569513832487e+00 2.051777342702925111e+00
1.483148088627556760e+00 2.054836774406755051e+00
1.468463454086690101e+00 2.056760755124522611e+00
1.453924211967019708e+00 2.058272824694192149e+00
1.439528922739623740e+00 2.066873416753260528e+00
1.425276161128340213e+00 2.069870002312575785e+00
1.411164515968653665e+00 2.071197259759496312e+00
1.397192590067974027e+00 2.070217531616067586e+00
1.383359000067300837e+00 2.068740349903977815e+00
1.369662376304258355e+00 2.071068742357569548e+00
1.356101362677483380e+00 2.073337704464053299e+00
1.342674616512359975e+00 2.062049699057172170e+00
1.329380808428079153e+00 2.050240622967501647e+00
1.316218622206019040e+00 2.046436136520117355e+00
1.303186754659424462e+00 2.046033865992522571e+00
1.290283915504380818e+00 2.045078285941963614e+00
1.277508827232060051e+00 2.044016938811696438e+00
1.264860224982237824e+00 2.043638826164007494e+00
1.252336856418057032e+00 2.043620484279332850e+00
1.239937481602036762e+00 2.043681787519519233e+00
1.227660872873303610e+00 2.043922667848033115e+00
1.215505814726043354e+00 2.044102007284607669e+00
1.203471103689151889e+00 2.044149431798277128e+00
1.191555548207080761e+00 2.044623057275845035e+00
1.179757968521861988e+00 2.046298582968767210e+00
1.168077196556299047e+00 2.049449923403365847e+00
1.156512075798315831e+00 2.051154228213632802e+00
1.145061461186451135e+00 2.050212517147277147e+00
1.133724218996486455e+00 2.053819354246798845e+00
1.122499226729194666e+00 2.052986263850296034e+00
1.111385372999202481e+00 2.052223488781304006e+00
1.100381557424953138e+00 2.047224986079626774e+00
1.089486690519755552e+00 2.044370144418787394e+00
1.078699693583916597e+00 2.043942864657242175e+00
1.068019498597936989e+00 2.043762533886193555e+00
1.057445048116769204e+00 2.043603033692278803e+00
1.046975295165118336e+00 2.043576349615418231e+00
1.036609203133780355e+00 2.043592998024196028e+00
1.026345745677010202e+00 2.043736672427818313e+00
1.016183906610901300e+00 2.043711616115811314e+00
1.006122679812773590e+00 2.043984648412304317e+00
9.961610691215579960e-01 2.044373352558328971e+00
9.862980882391664261e-01 2.045660941798876031e+00
9.765327606328380039e-01 2.047052039646840349e+00
9.668641194384535176e-01 2.048611723011287911e+00
9.572912073648053299e-01 2.051279775373811454e+00
9.478130765988174167e-01 2.050989715952334702e+00
9.384287887117003235e-01 2.050853790773113250e+00
9.291374145660399320e-01 2.050945346322095464e+00
9.199380342238018260e-01 2.045830837770158173e+00
9.108297368552494833e-01 2.045549878807590538e+00
9.018116206487618580e-01 2.045322658815325489e+00
8.928827927215462479e-01 2.044908752053625989e+00
8.840423690312340099e-01 2.043619635680738789e+00
8.752894742883503554e-01 2.043594390383506099e+00
8.666232418696537820e-01 2.043577170186392511e+00
8.580428137323306004e-01 2.043596495281926995e+00
8.495473403290402237e-01 2.043685691089830669e+00
8.411359805238021181e-01 2.044074410594994173e+00
