0.364326191757 3231547.88373 559694.279197 1.59090909091 0.0 2457910.26656 0.0 0.0 0.0
0.366214041524 3251790.36544 563329.968427 1.59090909091 0.0 2457910.2683 0.0 0.0 1.0
0.368102282718 3253024.97569 563533.963453 1.59090909091 0.0 2457910.27005 0.0 0.0 0.0
0.369990519385 3263990.36919 565374.336779 1.59090909091 0.0 2457910.2718 0.0 0.0 1.0
0.371878757561 3259790.96875 564592.348786 1.59090909091 0.0 2457910.27355 0.0 0.0 0.0
0.373766590724 3269069.96007 566217.588981 1.59090909091 0.0 2457910.27529 0.0 0.0 1.0
0.375654812297 3267563.09945 565942.596493 1.59090909091 0.0 2457910.27704 0.0 0.0 0.0
0.377543033367 3272363.66073 566717.883545 1.59090909091 0.0 2457910.27879 0.0 0.0 1.0
0.379431242362 3269243.22437 566199.998445 1.59090909091 0.0 2457910.28054 0.0 0.0 0.0
0.381319050873 3273763.33925 567020.67466 1.59090909091 0.0 2457910.28228 0.0 0.0 1.0
0.383207248296 3269593.80788 566195.873688 1.59090909091 0.0 2457910.28403 0.0 0.0 0.0
0.385095444713 3276127.14482 567289.791395 1.59090909091 0.0 2457910.28578 0.0 0.0 1.0
0.386983630564 3270468.91798 566370.974268 1.59090909091 0.0 2457910.28753 0.0 0.0 0.0
0.388871416937 3277543.60479 567535.57888 1.59090909091 0.0 2457910.28927 0.0 0.0 1.0
0.39075959977 3272358.71115 566702.061546 1.59090909091 0.0 2457910.29102 0.0 0.0 0.0
0.392647774552 3276598.97352 567336.681148 1.59090909091 0.0 2457910.29277 0.0 0.0 1.0
0.394535946316 3272615.49243 566710.846959 1.59090909091 0.0 2457910.29452 0.0 0.0 0.0
0.396423723131 3275945.78381 567283.938154 1.59090909091 0.0 2457910.29626 0.0 0.0 1.0
0.434511313633 3264835.94371 565134.634544 1.59090909091 0.0 2457910.33152 0.0 1.0 0.0
0.436399558852 3273094.11913 566797.403268 1.59090909091 0.0 2457910.33326 0.0 1.0 1.0
0.438287407613 3269553.1792 566173.197734 1.59090909091 0.0 2457910.33501 0.0 1.0 0.0
0.440175652832 3275813.54263 567252.363532 1.59090909091 0.0 2457910.33676 0.0 1.0 1.0
0.442063888996 3271263.85045 566478.104337 1.59090909091 0.0 2457910.33851 0.0 1.0 0.0
0.443952125662 3276205.12074 567319.764436 1.59090909091 0.0 2457910.34025 0.0 1.0 1.0
0.445839951279 3273155.32182 566757.999236 1.59090909091 0.0 2457910.342 0.0 1.0 0.0
0.447728176877 3276757.07261 567380.462724 1.59090909091 0.0 2457910.34375 0.0 1.0 1.0
0.449616390903 3273062.19525 566760.619035 1.59090909091 0.0 2457910.3455 0.0 1.0 0.0
0.451504603923 3277923.26551 567638.127621 1.59090909091 0.0 2457910.34724 0.0 1.0 1.0
0.453392404887 3272377.39161 566652.391175 1.59090909091 0.0 2457910.34899 0.0 1.0 0.0
0.455280605329 3277289.9145 567473.095545 1.59090909091 0.0 2457910.35074 0.0 1.0 1.0
0.457168800236 3272686.03627 566664.444205 1.59090909091 0.0 2457910.35249 0.0 1.0 0.0
0.459056984578 3277775.77339 567611.115554 1.59090909091 0.0 2457910.35423 0.0 1.0 1.0
0.460944764914 3272570.25746 566594.755944 1.59090909091 0.0 2457910.35598 0.0 1.0 0.0
0.46283294674 3275900.69635 567179.224885 1.59090909091 0.0 2457910.35773 0.0 1.0 1.0
0.464721125548 3271321.57086 566432.863006 1.59090909091 0.0 2457910.35948 0.0 1.0 0.0
0.466609297312 3277856.35805 567518.567418 1.59090909091 0.0 2457910.36122 0.0 1.0 1.0
0.468497074126 3271960.96663 566558.309059 1.59090909091 0.0 2457910.36297 0.0 1.0 0.0
-0.493915491322 3262951.50323 564820.976977 1.59090909091 0.0 2457910.39776 0.0 2.0 0.0
-0.492027246102 3266600.16847 565679.194136 1.59090909091 0.0 2457910.39951 0.0 2.0 1.0
-0.490139397845 3257728.04193 564140.390329 1.59090909091 0.0 2457910.40126 0.0 2.0 0.0
-0.488251152122 3254414.9103 563631.379972 1.59090909091 0.0 2457910.403 0.0 2.0 1.0
-0.486362916462 3241604.16928 561499.662609 1.59090909091 0.0 2457910.40475 0.0 2.0 0.0
-0.484474680298 3238030.73306 560890.205921 1.59090909091 0.0 2457910.4065 0.0 2.0 1.0
-0.48258665444 3223236.5623 558365.310081 1.59090909091 0.0 2457910.40825 0.0 2.0 0.0
-0.480698628581 3219647.34762 557768.61444 1.59090909091 0.0 2457910.40999 0.0 2.0 1.0
-0.478810415058 3208547.30199 555912.892845 1.59090909091 0.0 2457910.41174 0.0 2.0 0.0
-0.476922202541 3210699.4181 556285.133393 1.59090909091 0.0 2457910.41349 0.0 2.0 1.0
-0.475034401074 3207265.14041 555791.298767 1.59090909091 0.0 2457910.41524 0.0 2.0 0.0
-0.473146200632 3208485.73508 555844.004535 1.59090909091 0.0 2457910.41698 0.0 2.0 1.0
-0.471258005725 3204056.51845 555169.42889 1.59090909091 0.0 2457910.41873 0.0 2.0 0.0
-0.469369821383 3208234.4623 555913.540465 1.59090909091 0.0 2457910.42048 0.0 2.0 1.0
-0.467482041047 3201696.34833 554768.418651 1.59090909091 0.0 2457910.42223 0.0 2.0 0.0
-0.465593859724 3205197.84449 555310.612008 1.59090909091 0.0 2457910.42397 0.0 2.0 1.0
-0.463705680916 3200428.98482 554540.68225 1.59090909091 0.0 2457910.42572 0.0 2.0 0.0
-0.461817509152 3204519.63259 555292.549807 1.59090909091 0.0 2457910.42747 0.0 2.0 1.0
-0.459929732841 3199263.79589 554278.785138 1.59090909091 0.0 2457910.42922 0.0 2.0 0.0
-0.422342300301 3188736.80092 552308.854006 1.59090909091 0.0 2457910.46401 0.0 3.0 0.0
-0.420454055082 3197146.57371 553966.101181 1.59090909091 0.0 2457910.46575 0.0 3.0 1.0
-0.418566206321 3195327.7587 553688.438132 1.59090909091 0.0 2457910.4675 0.0 3.0 0.0
-0.416677961102 3200726.73713 554606.966611 1.59090909091 0.0 2457910.46925 0.0 3.0 1.0
-0.414789724938 3196628.50834 553905.172151 1.59090909091 0.0 2457910.471 0.0 3.0 0.0
-0.412901488775 3200961.58707 554655.124155 1.59090909091 0.0 2457910.47274 0.0 3.0 1.0
-0.411013662655 3198333.39973 554171.773758 1.59090909091 0.0 2457910.47449 0.0 3.0 0.0
-0.40912543756 3202863.61246 554957.363956 1.59090909091 0.0 2457910.47624 0.0 3.0 1.0
-0.407237224037 3200148.703 554493.840633 1.59090909091 0.0 2457910.47799 0.0 3.0 0.0
-0.405349011521 3203072.21489 555000.683019 1.59090909091 0.0 2457910.47973 0.0 3.0 1.0
-0.403461210054 3199668.09275 554357.672628 1.59090909091 0.0 2457910.48148 0.0 3.0 0.0
-0.401573009612 3206085.09399 555521.400031 1.59090909091 0.0 2457910.48323 0.0 3.0 1.0
-0.399684815711 3200551.36634 554576.069698 1.59090909091 0.0 2457910.48498 0.0 3.0 0.0
-0.397796630866 3206643.62038 555607.984975 1.59090909091 0.0 2457910.48672 0.0 3.0 1.0
-0.395908851536 3201634.21143 554761.424173 1.59090909091 0.0 2457910.48847 0.0 3.0 0.0
-0.394020669709 3206764.76511 555556.846573 1.59090909091 0.0 2457910.49022 0.0 3.0 1.0
-0.392132491405 3203793.38181 555093.753059 1.59090909091 0.0 2457910.49197 0.0 3.0 0.0
-0.390244319641 3209367.00792 556049.538578 1.59090909091 0.0 2457910.49371 0.0 3.0 1.0
-0.38835654333 3205625.39476 555397.109414 1.59090909091 0.0 2457910.49546 0.0 3.0 0.0
-0.3507691123 3263961.99419 564969.211759 1.59090909091 0.0 2457910.53025 0.0 4.0 0.0
-0.34888086708 3271903.60277 566537.067719 1.59090909091 0.0 2457910.532 0.0 4.0 1.0
-0.346993017816 3266538.78985 565594.795235 1.59090909091 0.0 2457910.53374 0.0 4.0 0.0
-0.345104572858 3272496.094 566664.589531 1.59090909091 0.0 2457910.53549 0.0 4.0 1.0
-0.34321653744 3268499.29631 565988.944145 1.59090909091 0.0 2457910.53724 0.0 4.0 0.0
-0.341328300773 3272993.17375 566693.714646 1.59090909091 0.0 2457910.53899 0.0 4.0 1.0
-0.33944047566 3269159.7354 566056.217256 1.59090909091 0.0 2457910.54073 0.0 4.0 0.0
-0.337552050323 3275610.30187 567196.44382 1.59090909091 0.0 2457910.54248 0.0 4.0 1.0
-0.335664036539 3269342.87618 566139.924921 1.59090909091 0.0 2457910.54423 0.0 4.0 0.0
-0.333775824022 3275554.83039 567131.327842 1.59090909091 0.0 2457910.54598 0.0 4.0 1.0
-0.331888023058 3268587.30288 566018.955905 1.59090909091 0.0 2457910.54772 0.0 4.0 0.0
-0.32999962338 3276245.81068 567297.666687 1.59090909091 0.0 2457910.54947 0.0 4.0 1.0
-0.328111628212 3270560.12168 566336.020034 1.59090909091 0.0 2457910.55122 0.0 4.0 0.0
-0.326223444373 3275527.12105 567176.832507 1.59090909091 0.0 2457910.55297 0.0 4.0 1.0
-0.32433566454 3270306.72507 566279.62364 1.59090909091 0.0 2457910.55471 0.0 4.0 0.0
-0.322447283478 3275081.70186 567062.542019 1.59090909091 0.0 2457910.55646 0.0 4.0 1.0
-0.320559304913 3270696.04326 566332.861133 1.59090909091 0.0 2457910.55821 0.0 4.0 0.0
-0.318671133652 3276054.43549 567233.5576 1.59090909091 0.0 2457910.55996 0.0 4.0 1.0
-0.316783157099 3271338.1586 566403.000331 1.59090909091 0.0 2457910.5617 0.0 4.0 0.0
