0.364326191757 3481523.4442 601749.17839 1.31090909091 0.0 2457910.26656 0.0 0.0 0.0
0.366214041524 3499266.13687 604903.251561 1.31090909091 0.0 2457910.2683 0.0 0.0 1.0
0.368102282718 3498264.85249 604763.078858 1.31090909091 0.0 2457910.27005 0.0 0.0 0.0
0.369990519385 3509501.66488 606627.812967 1.31090909091 0.0 2457910.2718 0.0 0.0 1.0
0.371878757561 3506198.16245 606025.911468 1.31090909091 0.0 2457910.27355 0.0 0.0 0.0
0.373766590724 3514886.2792 607492.864428 1.31090909091 0.0 2457910.27529 0.0 0.0 1.0
0.375654812297 3511175.20095 606892.857204 1.31090909091 0.0 2457910.27704 0.0 0.0 0.0
0.377543033367 3517756.0244 607991.172232 1.31090909091 0.0 2457910.27879 0.0 0.0 1.0
0.379431242362 3514581.10634 607428.233465 1.31090909091 0.0 2457910.28054 0.0 0.0 0.0
0.381319050873 3521243.75532 608546.396265 1.31090909091 0.0 2457910.28228 0.0 0.0 1.0
0.383207248296 3515118.14991 607465.3675 1.31090909091 0.0 2457910.28403 0.0 0.0 0.0
0.385095444713 3520917.20025 608461.553104 1.31090909091 0.0 2457910.28578 0.0 0.0 1.0
0.386983630564 3517459.61597 607926.193141 1.31090909091 0.0 2457910.28753 0.0 0.0 0.0
0.388871416937 3522656.57693 608799.164816 1.31090909091 0.0 2457910.28927 0.0 0.0 1.0
0.39075959977 3517682.61971 607920.033312 1.31090909091 0.0 2457910.29102 0.0 0.0 0.0
0.392647774552 3523536.84658 608892.12896 1.31090909091 0.0 2457910.29277 0.0 0.0 1.0
0.394535946316 3518670.9049 608100.208428 1.31090909091 0.0 2457910.29452 0.0 0.0 0.0
0.396423723131 3523071.29639 608809.08452 1.31090909091 0.0 2457910.29626 0.0 0.0 1.0
0.434511313633 3511738.12042 606696.645181 1.31090909091 0.0 2457910.33152 0.0 1.0 0.0
0.436399558852 3519505.8416 608161.437336 1.31090909091 0.0 2457910.33326 0.0 1.0 1.0
0.438287407613 3516482.73128 607696.876002 1.31090909091 0.0 2457910.33501 0.0 1.0 0.0
0.440175652832 3520151.76939 608307.27031 1.31090909091 0.0 2457910.33676 0.0 1.0 1.0
0.442063888996 3516758.61476 607720.801517 1.31090909091 0.0 2457910.33851 0.0 1.0 0.0
0.443952125662 3523840.85999 608943.799896 1.31090909091 0.0 2457910.34025 0.0 1.0 1.0
0.445839951279 3517981.18419 607940.203796 1.31090909091 0.0 2457910.342 0.0 1.0 0.0
0.447728176877 3523147.83529 608772.588958 1.31090909091 0.0 2457910.34375 0.0 1.0 1.0
0.449616390903 3519346.13973 608189.867806 1.31090909091 0.0 2457910.3455 0.0 1.0 0.0
0.451504603923 3523195.223 608812.52165 1.31090909091 0.0 2457910.34724 0.0 1.0 1.0
0.453392404887 3519404.22175 608139.564722 1.31090909091 0.0 2457910.34899 0.0 1.0 0.0
0.455280605329 3523647.3292 608931.342985 1.31090909091 0.0 2457910.35074 0.0 1.0 1.0
0.457168800236 3518644.14123 608045.776707 1.31090909091 0.0 2457910.35249 0.0 1.0 0.0
0.459056984578 3523552.99002 608907.42544 1.31090909091 0.0 2457910.35423 0.0 1.0 1.0
0.460944764914 3518520.44612 607984.038025 1.31090909091 0.0 2457910.35598 0.0 1.0 0.0
0.46283294674 3524099.27047 608902.128233 1.31090909091 0.0 2457910.35773 0.0 1.0 1.0
0.464721125548 3518900.6427 608002.603149 1.31090909091 0.0 2457910.35948 0.0 1.0 0.0
0.466609297312 3524495.23968 608981.234944 1.31090909091 0.0 2457910.36122 0.0 1.0 1.0
0.468497074126 3520319.05161 608332.734489 1.31090909091 0.0 2457910.36297 0.0 1.0 0.0
-0.493915491322 3510636.17488 606421.264858 1.31090909091 0.0 2457910.39776 0.0 2.0 0.0
-0.492027246102 3514780.2374 607274.004125 1.31090909091 0.0 2457910.39951 0.0 2.0 1.0
-0.490139397845 3501734.20399 605157.682779 1.31090909091 0.0 2457910.40126 0.0 2.0 0.0
-0.488251152122 3500675.26809 605015.898264 1.31090909091 0.0 2457910.403 0.0 2.0 1.0
-0.486362916462 3485656.15361 602491.524452 1.31090909091 0.0 2457910.40475 0.0 2.0 0.0
-0.484474680298 3481198.91297 601726.249272 1.31090909091 0.0 2457910.4065 0.0 2.0 1.0
-0.48258665444 3467302.08377 599408.162919 1.31090909091 0.0 2457910.40825 0.0 2.0 0.0
-0.480698628581 3462275.79384 598565.228084 1.31090909091 0.0 2457910.40999 0.0 2.0 1.0
-0.478810415058 3450072.27364 596514.837414 1.31090909091 0.0 2457910.41174 0.0 2.0 0.0
-0.476922202541 3453265.59619 597044.132913 1.31090909091 0.0 2457910.41349 0.0 2.0 1.0
-0.475034401074 3446406.88079 595886.9403 1.31090909091 0.0 2457910.41524 0.0 2.0 0.0
-0.473146200632 3450614.29625 596563.296825 1.31090909091 0.0 2457910.41698 0.0 2.0 1.0
-0.471258005725 3443271.53979 595358.822541 1.31090909091 0.0 2457910.41873 0.0 2.0 0.0
-0.469369821383 3445389.66446 595717.556685 1.31090909091 0.0 2457910.42048 0.0 2.0 1.0
-0.467482041047 3440750.30234 594929.475062 1.31090909091 0.0 2457910.42223 0.0 2.0 0.0
-0.465593859724 3445542.94737 595742.605701 1.31090909091 0.0 2457910.42397 0.0 2.0 1.0
-0.463705680916 3439752.59277 594753.3654 1.31090909091 0.0 2457910.42572 0.0 2.0 0.0
-0.461817509152 3443942.74871 595539.742393 1.31090909091 0.0 2457910.42747 0.0 2.0 1.0
-0.459929732841 3437683.59948 594356.859111 1.31090909091 0.0 2457910.42922 0.0 2.0 0.0
-0.422342300301 3427717.96191 592491.36369 1.31090909091 0.0 2457910.46401 0.0 3.0 0.0
-0.420454055082 3435692.86356 594028.491425 1.31090909091 0.0 2457910.46575 0.0 3.0 1.0
-0.418566206321 3432152.64505 593480.897159 1.31090909091 0.0 2457910.4675 0.0 3.0 0.0
-0.416677961102 3437877.04956 594437.151661 1.31090909091 0.0 2457910.46925 0.0 3.0 1.0
-0.414789724938 3434588.46836 593917.462798 1.31090909091 0.0 2457910.471 0.0 3.0 0.0
-0.412901488775 3439445.80384 594729.689549 1.31090909091 0.0 2457910.47274 0.0 3.0 1.0
-0.411013662655 3434825.27352 593902.168482 1.31090909091 0.0 2457910.47449 0.0 3.0 0.0
-0.40912543756 3440921.27586 594931.997353 1.31090909091 0.0 2457910.47624 0.0 3.0 1.0
-0.407237224037 3437351.79483 594345.72373 1.31090909091 0.0 2457910.47799 0.0 3.0 0.0
-0.405349011521 3442332.8381 595198.04833 1.31090909091 0.0 2457910.47973 0.0 3.0 1.0
-0.403461210054 3439342.1257 594665.815547 1.31090909091 0.0 2457910.48148 0.0 3.0 0.0
-0.401573009612 3445236.48586 595699.735986 1.31090909091 0.0 2457910.48323 0.0 3.0 1.0
-0.399684815711 3440358.24093 594824.109271 1.31090909091 0.0 2457910.48498 0.0 3.0 0.0
-0.397796630866 3445541.53691 595744.677611 1.31090909091 0.0 2457910.48672 0.0 3.0 1.0
-0.395908851536 3442694.87709 595245.014599 1.31090909091 0.0 2457910.48847 0.0 3.0 0.0
-0.394020669709 3447130.03274 596009.703523 1.31090909091 0.0 2457910.49022 0.0 3.0 1.0
-0.392132491405 3443297.32579 595338.440023 1.31090909091 0.0 2457910.49197 0.0 3.0 0.0
-0.390244319641 3450452.12677 596541.575347 1.31090909091 0.0 2457910.49371 0.0 3.0 1.0
-0.38835654333 3448398.21738 596226.792859 1.31090909091 0.0 2457910.49546 0.0 3.0 0.0
-0.3507691123 3509272.21476 606135.084107 1.31090909091 0.0 2457910.53025 0.0 4.0 0.0
-0.34888086708 3517659.17573 607689.052609 1.31090909091 0.0 2457910.532 0.0 4.0 1.0
-0.346993017816 3514462.35163 607267.570689 1.31090909091 0.0 2457910.53374 0.0 4.0 0.0
-0.345104572858 3518020.28045 607896.150458 1.31090909091 0.0 2457910.53549 0.0 4.0 1.0
-0.34321653744 3513516.54691 607139.551014 1.31090909091 0.0 2457910.53724 0.0 4.0 0.0
-0.341328300773 3519416.05757 608191.940546 1.31090909091 0.0 2457910.53899 0.0 4.0 1.0
-0.33944047566 3515693.44299 607557.963632 1.31090909091 0.0 2457910.54073 0.0 4.0 0.0
-0.337552050323 3520292.13727 608301.951176 1.31090909091 0.0 2457910.54248 0.0 4.0 1.0
-0.335664036539 3515704.99826 607556.694175 1.31090909091 0.0 2457910.54423 0.0 4.0 0.0
-0.333775824022 3521108.45247 608418.591122 1.31090909091 0.0 2457910.54598 0.0 4.0 1.0
-0.331888023058 3516387.25013 607623.679809 1.31090909091 0.0 2457910.54772 0.0 4.0 0.0
-0.32999962338 3521196.08598 608504.386089 1.31090909091 0.0 2457910.54947 0.0 4.0 1.0
-0.328111628212 3516765.91373 607755.962616 1.31090909091 0.0 2457910.55122 0.0 4.0 0.0
-0.326223444373 3522136.52408 608649.159823 1.31090909091 0.0 2457910.55297 0.0 4.0 1.0
-0.32433566454 3517617.33746 607816.374679 1.31090909091 0.0 2457910.55471 0.0 4.0 0.0
-0.322447283478 3521533.944 608556.170583 1.31090909091 0.0 2457910.55646 0.0 4.0 1.0
-0.320559304913 3517387.00331 607811.608544 1.31090909091 0.0 2457910.55821 0.0 4.0 0.0
-0.318671133652 3520742.2565 608410.963178 1.31090909091 0.0 2457910.55996 0.0 4.0 1.0
-0.316783157099 3516813.17327 607690.667475 1.31090909091 0.0 2457910.5617 0.0 4.0 0.0
