0.364326191757 2617960.20154 546096.737999 1.13272727273 0.0 2457910.26656 0.0 0.0 0.0
0.366214041524 2630307.26856 548734.981816 1.13272727273 0.0 2457910.2683 0.0 0.0 1.0
0.368102282718 2631135.15433 548949.490139 1.13272727273 0.0 2457910.27005 0.0 0.0 0.0
0.369990519385 2638133.58209 550372.652984 1.13272727273 0.0 2457910.2718 0.0 0.0 1.0
0.371878757561 2636887.85465 550063.231938 1.13272727273 0.0 2457910.27355 0.0 0.0 0.0
0.373766590724 2642527.82497 551232.953287 1.13272727273 0.0 2457910.27529 0.0 0.0 1.0
0.375654812297 2640844.01316 550903.197245 1.13272727273 0.0 2457910.27704 0.0 0.0 0.0
0.377543033367 2644984.1112 551720.98512 1.13272727273 0.0 2457910.27879 0.0 0.0 1.0
0.379431242362 2641023.609 550841.603698 1.13272727273 0.0 2457910.28054 0.0 0.0 0.0
0.381319050873 2646517.16553 551967.26482 1.13272727273 0.0 2457910.28228 0.0 0.0 1.0
0.383207248296 2644842.77792 551669.950492 1.13272727273 0.0 2457910.28403 0.0 0.0 0.0
0.385095444713 2648473.6375 552352.404479 1.13272727273 0.0 2457910.28578 0.0 0.0 1.0
0.386983630564 2645373.66262 551749.747321 1.13272727273 0.0 2457910.28753 0.0 0.0 0.0
0.388871416937 2649909.11377 552682.744562 1.13272727273 0.0 2457910.28927 0.0 0.0 1.0
0.39075959977 2646213.88823 551858.581308 1.13272727273 0.0 2457910.29102 0.0 0.0 0.0
0.392647774552 2650112.18621 552667.913446 1.13272727273 0.0 2457910.29277 0.0 0.0 1.0
0.394535946316 2646175.21726 551880.535934 1.13272727273 0.0 2457910.29452 0.0 0.0 0.0
0.396423723131 2650608.92151 552799.39331 1.13272727273 0.0 2457910.29626 0.0 0.0 1.0
0.434511313633 2641510.71136 550661.810404 1.13272727273 0.0 2457910.33152 0.0 1.0 0.0
0.436399558852 2646510.95368 551886.285463 1.13272727273 0.0 2457910.33326 0.0 1.0 1.0
0.438287407613 2645169.07746 551671.067462 1.13272727273 0.0 2457910.33501 0.0 1.0 0.0
0.440175652832 2648911.50747 552410.91907 1.13272727273 0.0 2457910.33676 0.0 1.0 1.0
0.442063888996 2647120.04711 552105.199169 1.13272727273 0.0 2457910.33851 0.0 1.0 0.0
0.443952125662 2649834.88163 552590.452621 1.13272727273 0.0 2457910.34025 0.0 1.0 1.0
0.445839951279 2648183.58715 552278.761136 1.13272727273 0.0 2457910.342 0.0 1.0 0.0
0.447728176877 2650796.32813 552812.347885 1.13272727273 0.0 2457910.34375 0.0 1.0 1.0
0.449616390903 2646841.79951 552002.608549 1.13272727273 0.0 2457910.3455 0.0 1.0 0.0
0.451504603923 2651082.35837 552863.785195 1.13272727273 0.0 2457910.34724 0.0 1.0 1.0
0.453392404887 2647304.76256 552012.483917 1.13272727273 0.0 2457910.34899 0.0 1.0 0.0
0.455280605329 2651424.67082 552955.514185 1.13272727273 0.0 2457910.35074 0.0 1.0 1.0
0.457168800236 2648119.76854 552173.128029 1.13272727273 0.0 2457910.35249 0.0 1.0 0.0
0.459056984578 2651934.78247 552974.880593 1.13272727273 0.0 2457910.35423 0.0 1.0 1.0
0.460944764914 2647386.40539 552050.283821 1.13272727273 0.0 2457910.35598 0.0 1.0 0.0
0.46283294674 2651169.44972 552756.914942 1.13272727273 0.0 2457910.35773 0.0 1.0 1.0
0.464721125548 2648522.60049 552326.586695 1.13272727273 0.0 2457910.35948 0.0 1.0 0.0
0.466609297312 2650755.5314 552735.509356 1.13272727273 0.0 2457910.36122 0.0 1.0 1.0
0.468497074126 2648157.30704 552268.988729 1.13272727273 0.0 2457910.36297 0.0 1.0 0.0
-0.493915491322 2642867.7484 550836.965092 1.13272727273 0.0 2457910.39776 0.0 2.0 0.0
-0.492027246102 2644349.17981 551447.33446 1.13272727273 0.0 2457910.39951 0.0 2.0 1.0
-0.490139397845 2637523.96919 550033.092905 1.13272727273 0.0 2457910.40126 0.0 2.0 0.0
-0.488251152122 2634338.55526 549414.961544 1.13272727273 0.0 2457910.403 0.0 2.0 1.0
-0.486362916462 2623980.32802 547356.750783 1.13272727273 0.0 2457910.40475 0.0 2.0 0.0
-0.484474680298 2619805.84199 546550.297943 1.13272727273 0.0 2457910.4065 0.0 2.0 1.0
-0.48258665444 2609512.49407 544456.142924 1.13272727273 0.0 2457910.40825 0.0 2.0 0.0
-0.480698628581 2606398.80587 543840.263239 1.13272727273 0.0 2457910.40999 0.0 2.0 1.0
-0.478810415058 2596716.24744 541833.331847 1.13272727273 0.0 2457910.41174 0.0 2.0 0.0
-0.476922202541 2597197.77103 541906.869216 1.13272727273 0.0 2457910.41349 0.0 2.0 1.0
-0.475034401074 2595012.90443 541493.51135 1.13272727273 0.0 2457910.41524 0.0 2.0 0.0
-0.473146200632 2596615.43234 541787.238029 1.13272727273 0.0 2457910.41698 0.0 2.0 1.0
-0.471258005725 2592196.46765 540912.223311 1.13272727273 0.0 2457910.41873 0.0 2.0 0.0
-0.469369821383 2593704.79389 541249.546531 1.13272727273 0.0 2457910.42048 0.0 2.0 1.0
-0.467482041047 2590666.53964 540589.522131 1.13272727273 0.0 2457910.42223 0.0 2.0 0.0
-0.465593859724 2593465.55697 541233.307637 1.13272727273 0.0 2457910.42397 0.0 2.0 1.0
-0.463705680916 2589314.39415 540362.481316 1.13272727273 0.0 2457910.42572 0.0 2.0 0.0
-0.461817509152 2592400.59529 541059.085476 1.13272727273 0.0 2457910.42747 0.0 2.0 1.0
-0.459929732841 2586556.18624 539718.409237 1.13272727273 0.0 2457910.42922 0.0 2.0 0.0
-0.422342300301 2578637.90344 537941.454347 1.13272727273 0.0 2457910.46401 0.0 3.0 0.0
-0.420454055082 2584107.1353 539195.917106 1.13272727273 0.0 2457910.46575 0.0 3.0 1.0
-0.418566206321 2582719.27731 539028.321315 1.13272727273 0.0 2457910.4675 0.0 3.0 0.0
-0.416677961102 2586915.26704 539864.923 1.13272727273 0.0 2457910.46925 0.0 3.0 1.0
-0.414789724938 2583573.8632 539231.622677 1.13272727273 0.0 2457910.471 0.0 3.0 0.0
-0.412901488775 2586551.89206 539849.736428 1.13272727273 0.0 2457910.47274 0.0 3.0 1.0
-0.411013662655 2584700.31838 539401.589359 1.13272727273 0.0 2457910.47449 0.0 3.0 0.0
-0.40912543756 2587540.04205 539993.007298 1.13272727273 0.0 2457910.47624 0.0 3.0 1.0
-0.407237224037 2586841.47006 539882.275142 1.13272727273 0.0 2457910.47799 0.0 3.0 0.0
-0.405349011521 2589691.18446 540384.038867 1.13272727273 0.0 2457910.47973 0.0 3.0 1.0
-0.403461210054 2588118.08176 540073.456743 1.13272727273 0.0 2457910.48148 0.0 3.0 0.0
-0.401573009612 2591333.50364 540797.224961 1.13272727273 0.0 2457910.48323 0.0 3.0 1.0
-0.399684815711 2588401.18624 540172.648596 1.13272727273 0.0 2457910.48498 0.0 3.0 0.0
-0.397796630866 2593649.75196 541187.029316 1.13272727273 0.0 2457910.48672 0.0 3.0 1.0
-0.395908851536 2590398.61127 540545.138095 1.13272727273 0.0 2457910.48847 0.0 3.0 0.0
-0.394020669709 2594102.73279 541336.919776 1.13272727273 0.0 2457910.49022 0.0 3.0 1.0
-0.392132491405 2593605.75806 541265.235713 1.13272727273 0.0 2457910.49197 0.0 3.0 0.0
-0.390244319641 2596479.30485 541761.84017 1.13272727273 0.0 2457910.49371 0.0 3.0 1.0
-0.38835654333 2595092.88143 541493.763096 1.13272727273 0.0 2457910.49546 0.0 3.0 0.0
-0.3507691123 2641432.47326 550630.044853 1.13272727273 0.0 2457910.53025 0.0 4.0 0.0
-0.34888086708 2647566.18108 552079.031471 1.13272727273 0.0 2457910.532 0.0 4.0 1.0
-0.346993017816 2644725.45043 551513.696582 1.13272727273 0.0 2457910.53374 0.0 4.0 0.0
-0.345104572858 2648305.84569 552259.840905 1.13272727273 0.0 2457910.53549 0.0 4.0 1.0
-0.34321653744 2645129.82568 551653.384202 1.13272727273 0.0 2457910.53724 0.0 4.0 0.0
-0.341328300773 2648009.93487 552186.495608 1.13272727273 0.0 2457910.53899 0.0 4.0 1.0
-0.33944047566 2645741.45136 551747.160201 1.13272727273 0.0 2457910.54073 0.0 4.0 0.0
-0.337552050323 2648957.68341 552403.060333 1.13272727273 0.0 2457910.54248 0.0 4.0 1.0
-0.335664036539 2646831.38682 551945.486204 1.13272727273 0.0 2457910.54423 0.0 4.0 0.0
-0.333775824022 2648845.8939 552357.608933 1.13272727273 0.0 2457910.54598 0.0 4.0 1.0
-0.331888023058 2645772.3545 551759.910753 1.13272727273 0.0 2457910.54772 0.0 4.0 0.0
-0.32999962338 2650012.38549 552623.97037 1.13272727273 0.0 2457910.54947 0.0 4.0 1.0
-0.328111628212 2646330.59912 551895.929418 1.13272727273 0.0 2457910.55122 0.0 4.0 0.0
-0.326223444373 2650948.63015 552794.267015 1.13272727273 0.0 2457910.55297 0.0 4.0 1.0
-0.32433566454 2644432.80369 551471.806402 1.13272727273 0.0 2457910.55471 0.0 4.0 0.0
-0.322447283478 2650098.64184 552576.573142 1.13272727273 0.0 2457910.55646 0.0 4.0 1.0
-0.320559304913 2646750.40034 551958.561553 1.13272727273 0.0 2457910.55821 0.0 4.0 0.0
-0.318671133652 2649968.61551 552554.728846 1.13272727273 0.0 2457910.55996 0.0 4.0 1.0
-0.316783157099 2645576.77929 551637.316474 1.13272727273 0.0 2457910.5617 0.0 4.0 0.0
