0.364326191757 3441903.02268 714771.570124 1.48909090909 0.0 2457910.26656 0.0 0.0 0.0
0.366214041524 3461911.85932 719038.660887 1.48909090909 0.0 2457910.2683 0.0 0.0 1.0
0.368102282718 3462402.11506 719114.104222 1.48909090909 0.0 2457910.27005 0.0 0.0 0.0
0.369990519385 3471628.32237 720959.226139 1.48909090909 0.0 2457910.2718 0.0 0.0 1.0
0.371878757561 3467362.80991 720064.358608 1.48909090909 0.0 2457910.27355 0.0 0.0 0.0
0.373766590724 3477004.35084 722036.681483 1.48909090909 0.0 2457910.27529 0.0 0.0 1.0
0.375654812297 3475187.29614 721629.496273 1.48909090909 0.0 2457910.27704 0.0 0.0 0.0
0.377543033367 3482333.13539 723115.945376 1.48909090909 0.0 2457910.27879 0.0 0.0 1.0
0.379431242362 3478081.20691 722225.504733 1.48909090909 0.0 2457910.28054 0.0 0.0 0.0
0.381319050873 3483413.02234 723235.35646 1.48909090909 0.0 2457910.28228 0.0 0.0 1.0
0.383207248296 3478469.97863 722244.885105 1.48909090909 0.0 2457910.28403 0.0 0.0 0.0
0.385095444713 3483548.12277 723329.448596 1.48909090909 0.0 2457910.28578 0.0 0.0 1.0
0.386983630564 3479410.20699 722441.082851 1.48909090909 0.0 2457910.28753 0.0 0.0 0.0
0.388871416937 3484561.57146 723455.93736 1.48909090909 0.0 2457910.28927 0.0 0.0 1.0
0.39075959977 3479816.55631 722487.649291 1.48909090909 0.0 2457910.29102 0.0 0.0 0.0
0.392647774552 3486266.09514 723792.855578 1.48909090909 0.0 2457910.29277 0.0 0.0 1.0
0.394535946316 3481154.82367 722775.071377 1.48909090909 0.0 2457910.29452 0.0 0.0 0.0
0.396423723131 3484962.62172 723573.580798 1.48909090909 0.0 2457910.29626 0.0 0.0 1.0
0.434511313633 3473920.31533 721046.369892 1.48909090909 0.0 2457910.33152 0.0 1.0 0.0
0.436399558852 3482863.87735 723055.004812 1.48909090909 0.0 2457910.33326 0.0 1.0 1.0
0.438287407613 3478026.55129 722114.181515 1.48909090909 0.0 2457910.33501 0.0 1.0 0.0
0.440175652832 3483483.49115 723245.483474 1.48909090909 0.0 2457910.33676 0.0 1.0 1.0
0.442063888996 3478052.87199 722076.135261 1.48909090909 0.0 2457910.33851 0.0 1.0 0.0
0.443952125662 3484991.23722 723591.188621 1.48909090909 0.0 2457910.34025 0.0 1.0 1.0
0.445839951279 3481787.77712 722882.1943 1.48909090909 0.0 2457910.342 0.0 1.0 0.0
0.447728176877 3486471.86717 723822.691497 1.48909090909 0.0 2457910.34375 0.0 1.0 1.0
0.449616390903 3481211.60735 722757.956923 1.48909090909 0.0 2457910.3455 0.0 1.0 0.0
0.451504603923 3487167.59009 723983.688583 1.48909090909 0.0 2457910.34724 0.0 1.0 1.0
0.453392404887 3481871.59439 722853.299559 1.48909090909 0.0 2457910.34899 0.0 1.0 0.0
0.455280605329 3487966.78947 724141.79384 1.48909090909 0.0 2457910.35074 0.0 1.0 1.0
0.457168800236 3479937.31955 722449.308772 1.48909090909 0.0 2457910.35249 0.0 1.0 0.0
0.459056984578 3485680.96839 723623.527103 1.48909090909 0.0 2457910.35423 0.0 1.0 1.0
0.460944764914 3481944.88032 722828.964714 1.48909090909 0.0 2457910.35598 0.0 1.0 0.0
0.46283294674 3486560.20206 723790.227983 1.48909090909 0.0 2457910.35773 0.0 1.0 1.0
0.464721125548 3481723.53554 722813.256797 1.48909090909 0.0 2457910.35948 0.0 1.0 0.0
0.466609297312 3486933.08208 723913.205509 1.48909090909 0.0 2457910.36122 0.0 1.0 1.0
0.468497074126 3480707.81536 722657.134005 1.48909090909 0.0 2457910.36297 0.0 1.0 0.0
-0.493915491322 3471557.08344 720500.165264 1.48909090909 0.0 2457910.39776 0.0 2.0 0.0
-0.492027246102 3475441.81902 721559.998726 1.48909090909 0.0 2457910.39951 0.0 2.0 1.0
-0.490139397845 3465832.93297 719589.210648 1.48909090909 0.0 2457910.40126 0.0 2.0 0.0
-0.488251152122 3462616.54803 719041.78948 1.48909090909 0.0 2457910.403 0.0 2.0 1.0
-0.486362916462 3449152.66978 716327.059034 1.48909090909 0.0 2457910.40475 0.0 2.0 0.0
-0.484474680298 3444590.28467 715368.257071 1.48909090909 0.0 2457910.4065 0.0 2.0 1.0
-0.48258665444 3428175.24543 712012.635821 1.48909090909 0.0 2457910.40825 0.0 2.0 0.0
-0.480698628581 3424107.66509 711188.459705 1.48909090909 0.0 2457910.40999 0.0 2.0 1.0
-0.478810415058 3412932.31098 708925.969487 1.48909090909 0.0 2457910.41174 0.0 2.0 0.0
-0.476922202541 3415356.92306 709456.030551 1.48909090909 0.0 2457910.41349 0.0 2.0 1.0
-0.475034401074 3408754.15136 708134.58577 1.48909090909 0.0 2457910.41524 0.0 2.0 0.0
-0.473146200632 3413250.81418 709046.424792 1.48909090909 0.0 2457910.41698 0.0 2.0 1.0
-0.471258005725 3406794.83901 707676.14361 1.48909090909 0.0 2457910.41873 0.0 2.0 0.0
-0.469369821383 3411793.3434 708778.458009 1.48909090909 0.0 2457910.42048 0.0 2.0 1.0
-0.467482041047 3405008.008 707352.551995 1.48909090909 0.0 2457910.42223 0.0 2.0 0.0
-0.465593859724 3409510.86875 708278.538719 1.48909090909 0.0 2457910.42397 0.0 2.0 1.0
-0.463705680916 3402969.37362 706990.841588 1.48909090909 0.0 2457910.42572 0.0 2.0 0.0
-0.461817509152 3409248.30635 708289.548367 1.48909090909 0.0 2457910.42747 0.0 2.0 1.0
-0.459929732841 3400241.68411 706316.500502 1.48909090909 0.0 2457910.42922 0.0 2.0 0.0
-0.422342300301 3392043.10814 704489.375765 1.48909090909 0.0 2457910.46401 0.0 3.0 0.0
-0.420454055082 3400610.32837 706419.803418 1.48909090909 0.0 2457910.46575 0.0 3.0 1.0
-0.418566206321 3395503.34011 705454.509649 1.48909090909 0.0 2457910.4675 0.0 3.0 0.0
-0.416677961102 3402918.5908 706964.638038 1.48909090909 0.0 2457910.46925 0.0 3.0 1.0
-0.414789724938 3399282.58038 706157.00372 1.48909090909 0.0 2457910.471 0.0 3.0 0.0
-0.412901488775 3404475.10011 707326.740288 1.48909090909 0.0 2457910.47274 0.0 3.0 1.0
-0.411013662655 3400662.68641 706463.948213 1.48909090909 0.0 2457910.47449 0.0 3.0 0.0
-0.40912543756 3405582.36765 707442.531074 1.48909090909 0.0 2457910.47624 0.0 3.0 1.0
-0.407237224037 3401950.35931 706779.429321 1.48909090909 0.0 2457910.47799 0.0 3.0 0.0
-0.405349011521 3406515.61866 707685.306012 1.48909090909 0.0 2457910.47973 0.0 3.0 1.0
-0.403461210054 3403381.04419 706963.008417 1.48909090909 0.0 2457910.48148 0.0 3.0 0.0
-0.401573009612 3410794.89235 708539.25424 1.48909090909 0.0 2457910.48323 0.0 3.0 1.0
-0.399684815711 3403516.13761 707077.355658 1.48909090909 0.0 2457910.48498 0.0 3.0 0.0
-0.397796630866 3408698.06575 708156.461707 1.48909090909 0.0 2457910.48672 0.0 3.0 1.0
-0.395908851536 3405966.30769 707544.89033 1.48909090909 0.0 2457910.48847 0.0 3.0 0.0
-0.394020669709 3410927.9651 708518.440309 1.48909090909 0.0 2457910.49022 0.0 3.0 1.0
-0.392132491405 3407175.21905 707760.473465 1.48909090909 0.0 2457910.49197 0.0 3.0 0.0
-0.390244319641 3412597.52394 708882.725644 1.48909090909 0.0 2457910.49371 0.0 3.0 1.0
-0.38835654333 3410777.17066 708456.066873 1.48909090909 0.0 2457910.49546 0.0 3.0 0.0
-0.3507691123 3471830.60603 720510.32565 1.48909090909 0.0 2457910.53025 0.0 4.0 0.0
-0.34888086708 3479876.18984 722465.592519 1.48909090909 0.0 2457910.532 0.0 4.0 1.0
-0.346993017816 3475295.45958 721452.009851 1.48909090909 0.0 2457910.53374 0.0 4.0 0.0
-0.345104572858 3481041.13838 722719.301721 1.48909090909 0.0 2457910.53549 0.0 4.0 1.0
-0.34321653744 3477590.94429 721975.58771 1.48909090909 0.0 2457910.53724 0.0 4.0 0.0
-0.341328300773 3482381.77765 722968.054291 1.48909090909 0.0 2457910.53899 0.0 4.0 1.0
-0.33944047566 3479404.74338 722337.339267 1.48909090909 0.0 2457910.54073 0.0 4.0 0.0
-0.337552050323 3483217.06284 723092.317206 1.48909090909 0.0 2457910.54248 0.0 4.0 1.0
-0.335664036539 3478525.51297 722193.187953 1.48909090909 0.0 2457910.54423 0.0 4.0 0.0
-0.333775824022 3482781.79235 723016.982806 1.48909090909 0.0 2457910.54598 0.0 4.0 1.0
-0.331888023058 3477715.97533 722021.460323 1.48909090909 0.0 2457910.54772 0.0 4.0 0.0
-0.32999962338 3484558.7534 723461.696718 1.48909090909 0.0 2457910.54947 0.0 4.0 1.0
-0.328111628212 3480195.76871 722566.140796 1.48909090909 0.0 2457910.55122 0.0 4.0 0.0
-0.326223444373 3484450.18176 723416.535539 1.48909090909 0.0 2457910.55297 0.0 4.0 1.0
-0.32433566454 3480034.63039 722490.678152 1.48909090909 0.0 2457910.55471 0.0 4.0 0.0
-0.322447283478 3483532.10106 723165.142217 1.48909090909 0.0 2457910.55646 0.0 4.0 1.0
-0.320559304913 3477747.05947 722055.898471 1.48909090909 0.0 2457910.55821 0.0 4.0 0.0
-0.318671133652 3485308.80202 723580.930854 1.48909090909 0.0 2457910.55996 0.0 4.0 1.0
-0.316783157099 3480181.38146 722477.14861 1.48909090909 0.0 2457910.5617 0.0 4.0 0.0
