0.364326191757 3483117.61974 602260.426094 1.54 0.0 2457910.26656 0.0 0.0 0.0
0.366214041524 3500662.79611 605345.455816 1.54 0.0 2457910.2683 0.0 0.0 1.0
0.368102282718 3502250.63827 605672.212364 1.54 0.0 2457910.27005 0.0 0.0 0.0
0.369990519385 3512118.71556 607292.846015 1.54 0.0 2457910.2718 0.0 0.0 1.0
0.371878757561 3510723.1797 606998.422835 1.54 0.0 2457910.27355 0.0 0.0 0.0
0.373766590724 3517470.73232 608108.465323 1.54 0.0 2457910.27529 0.0 0.0 1.0
0.375654812297 3514647.03826 607663.670878 1.54 0.0 2457910.27704 0.0 0.0 0.0
0.377543033367 3521701.31456 608859.186905 1.54 0.0 2457910.27879 0.0 0.0 1.0
0.379431242362 3517152.72726 608086.428561 1.54 0.0 2457910.28054 0.0 0.0 0.0
0.381319050873 3522624.02057 608993.420671 1.54 0.0 2457910.28228 0.0 0.0 1.0
0.383207248296 3517490.78979 608071.156486 1.54 0.0 2457910.28403 0.0 0.0 0.0
0.385095444713 3525899.80428 609517.509033 1.54 0.0 2457910.28578 0.0 0.0 1.0
0.386983630564 3519206.37031 608377.419525 1.54 0.0 2457910.28753 0.0 0.0 0.0
0.388871416937 3524135.14519 609211.269745 1.54 0.0 2457910.28927 0.0 0.0 1.0
0.39075959977 3519184.46996 608368.138007 1.54 0.0 2457910.29102 0.0 0.0 0.0
0.392647774552 3525396.08246 609410.842937 1.54 0.0 2457910.29277 0.0 0.0 1.0
0.394535946316 3521025.35144 608642.696767 1.54 0.0 2457910.29452 0.0 0.0 0.0
0.396423723131 3527342.43546 609750.870744 1.54 0.0 2457910.29626 0.0 0.0 1.0
0.434511313633 3512596.61962 607051.728019 1.54 0.0 2457910.33152 0.0 1.0 0.0
0.436399558852 3522139.07891 608849.616234 1.54 0.0 2457910.33326 0.0 1.0 1.0
0.438287407613 3517812.64685 608112.452541 1.54 0.0 2457910.33501 0.0 1.0 0.0
0.440175652832 3524654.04363 609272.561432 1.54 0.0 2457910.33676 0.0 1.0 1.0
0.442063888996 3520329.77897 608512.426223 1.54 0.0 2457910.33851 0.0 1.0 0.0
0.443952125662 3526421.74 609609.362045 1.54 0.0 2457910.34025 0.0 1.0 1.0
0.445839951279 3521011.03149 608652.949195 1.54 0.0 2457910.342 0.0 1.0 0.0
0.447728176877 3526067.75948 609528.477695 1.54 0.0 2457910.34375 0.0 1.0 1.0
0.449616390903 3521468.6405 608768.719754 1.54 0.0 2457910.3455 0.0 1.0 0.0
0.451504603923 3526659.50903 609619.793857 1.54 0.0 2457910.34724 0.0 1.0 1.0
0.453392404887 3522584.16861 608909.243756 1.54 0.0 2457910.34899 0.0 1.0 0.0
0.455280605329 3528009.30085 609870.130089 1.54 0.0 2457910.35074 0.0 1.0 1.0
0.457168800236 3519291.01408 608314.397881 1.54 0.0 2457910.35249 0.0 1.0 0.0
0.459056984578 3525868.99739 609497.166068 1.54 0.0 2457910.35423 0.0 1.0 1.0
0.460944764914 3520272.10147 608440.403673 1.54 0.0 2457910.35598 0.0 1.0 0.0
0.46283294674 3526459.69238 609550.91444 1.54 0.0 2457910.35773 0.0 1.0 1.0
0.464721125548 3520000.40375 608404.069165 1.54 0.0 2457910.35948 0.0 1.0 0.0
0.466609297312 3525318.29195 609396.06956 1.54 0.0 2457910.36122 0.0 1.0 1.0
0.468497074126 3521911.24883 608787.019192 1.54 0.0 2457910.36297 0.0 1.0 0.0
-0.493915491322 3512018.89272 606908.102245 1.54 0.0 2457910.39776 0.0 2.0 0.0
-0.492027246102 3515905.96236 607692.56705 1.54 0.0 2457910.39951 0.0 2.0 1.0
-0.490139397845 3505362.53912 605989.921649 1.54 0.0 2457910.40126 0.0 2.0 0.0
-0.488251152122 3504120.9874 605797.077191 1.54 0.0 2457910.403 0.0 2.0 1.0
-0.486362916462 3487479.03397 603006.606123 1.54 0.0 2457910.40475 0.0 2.0 0.0
-0.484474680298 3483086.04571 602298.390931 1.54 0.0 2457910.4065 0.0 2.0 1.0
-0.48258665444 3467238.06383 599580.856187 1.54 0.0 2457910.40825 0.0 2.0 0.0
-0.480698628581 3465309.64491 599326.722755 1.54 0.0 2457910.40999 0.0 2.0 1.0
-0.478810415058 3452553.25429 597115.472929 1.54 0.0 2457910.41174 0.0 2.0 0.0
-0.476922202541 3456103.334 597756.842283 1.54 0.0 2457910.41349 0.0 2.0 1.0
-0.475034401074 3447643.45336 596334.172245 1.54 0.0 2457910.41524 0.0 2.0 0.0
-0.473146200632 3451471.01343 596988.668431 1.54 0.0 2457910.41698 0.0 2.0 1.0
-0.471258005725 3447888.13764 596318.749673 1.54 0.0 2457910.41873 0.0 2.0 0.0
-0.469369821383 3448917.83131 596589.521408 1.54 0.0 2457910.42048 0.0 2.0 1.0
-0.467482041047 3446376.72782 596115.806466 1.54 0.0 2457910.42223 0.0 2.0 0.0
-0.465593859724 3448367.68934 596443.371752 1.54 0.0 2457910.42397 0.0 2.0 1.0
-0.463705680916 3445208.99008 595903.733004 1.54 0.0 2457910.42572 0.0 2.0 0.0
-0.461817509152 3447482.63374 596290.962028 1.54 0.0 2457910.42747 0.0 2.0 1.0
-0.459929732841 3441371.64993 595222.334077 1.54 0.0 2457910.42922 0.0 2.0 0.0
-0.422342300301 3432353.84369 593542.434269 1.54 0.0 2457910.46401 0.0 3.0 0.0
-0.420454055082 3440023.18996 594999.250307 1.54 0.0 2457910.46575 0.0 3.0 1.0
-0.418566206321 3436561.14007 594374.717299 1.54 0.0 2457910.4675 0.0 3.0 0.0
-0.416677961102 3442764.97121 595505.035761 1.54 0.0 2457910.46925 0.0 3.0 1.0
-0.414789724938 3438496.92487 594728.226487 1.54 0.0 2457910.471 0.0 3.0 0.0
-0.412901488775 3443643.89252 595668.029588 1.54 0.0 2457910.47274 0.0 3.0 1.0
-0.411013662655 3439217.86783 594899.163905 1.54 0.0 2457910.47449 0.0 3.0 0.0
-0.40912543756 3445365.62022 595902.798593 1.54 0.0 2457910.47624 0.0 3.0 1.0
-0.407237224037 3440933.76918 595212.075514 1.54 0.0 2457910.47799 0.0 3.0 0.0
-0.405349011521 3447430.13646 596297.344421 1.54 0.0 2457910.47973 0.0 3.0 1.0
-0.403461210054 3441532.75648 595212.49233 1.54 0.0 2457910.48148 0.0 3.0 0.0
-0.401573009612 3448757.18406 596568.553051 1.54 0.0 2457910.48323 0.0 3.0 1.0
-0.399684815711 3443272.86534 595550.714719 1.54 0.0 2457910.48498 0.0 3.0 0.0
-0.397796630866 3448931.73506 596574.476765 1.54 0.0 2457910.48672 0.0 3.0 1.0
-0.395908851536 3446840.47143 596229.246202 1.54 0.0 2457910.48847 0.0 3.0 0.0
-0.394020669709 3450944.97676 596855.862595 1.54 0.0 2457910.49022 0.0 3.0 1.0
-0.392132491405 3446517.5372 596101.560209 1.54 0.0 2457910.49197 0.0 3.0 0.0
-0.390244319641 3450588.91363 596851.281765 1.54 0.0 2457910.49371 0.0 3.0 1.0
-0.38835654333 3447947.91739 596310.641017 1.54 0.0 2457910.49546 0.0 3.0 0.0
-0.3507691123 3510775.28573 606647.748477 1.54 0.0 2457910.53025 0.0 4.0 0.0
-0.34888086708 3519416.05246 608340.867115 1.54 0.0 2457910.532 0.0 4.0 1.0
-0.346993017816 3515708.62504 607669.274521 1.54 0.0 2457910.53374 0.0 4.0 0.0
-0.345104572858 3521680.54039 608727.157864 1.54 0.0 2457910.53549 0.0 4.0 1.0
-0.34321653744 3516517.90834 607911.900839 1.54 0.0 2457910.53724 0.0 4.0 0.0
-0.341328300773 3522432.36151 608952.199972 1.54 0.0 2457910.53899 0.0 4.0 1.0
-0.33944047566 3517151.00485 607930.807609 1.54 0.0 2457910.54073 0.0 4.0 0.0
-0.337552050323 3521915.73114 608756.144723 1.54 0.0 2457910.54248 0.0 4.0 1.0
-0.335664036539 3517773.98807 608120.560673 1.54 0.0 2457910.54423 0.0 4.0 0.0
-0.333775824022 3522963.16535 608968.776046 1.54 0.0 2457910.54598 0.0 4.0 1.0
-0.331888023058 3517914.94398 608077.969763 1.54 0.0 2457910.54772 0.0 4.0 0.0
-0.32999962338 3523622.74484 609100.882357 1.54 0.0 2457910.54947 0.0 4.0 1.0
-0.328111628212 3518954.24309 608290.850341 1.54 0.0 2457910.55122 0.0 4.0 0.0
-0.326223444373 3523165.13424 609053.041763 1.54 0.0 2457910.55297 0.0 4.0 1.0
-0.32433566454 3518760.39651 608244.36708 1.54 0.0 2457910.55471 0.0 4.0 0.0
-0.322447283478 3523023.13097 608961.490034 1.54 0.0 2457910.55646 0.0 4.0 1.0
-0.320559304913 3519334.37349 608354.980519 1.54 0.0 2457910.55821 0.0 4.0 0.0
-0.318671133652 3523394.69738 609057.242532 1.54 0.0 2457910.55996 0.0 4.0 1.0
-0.316783157099 3517518.74995 607995.05934 1.54 0.0 2457910.5617 0.0 4.0 0.0
