0.364326191757 3447596.06974 596458.236988 1.51454545455 0.0 2457910.26656 0.0 0.0 0.0
0.366214041524 3466770.63699 599855.287921 1.51454545455 0.0 2457910.2683 0.0 0.0 1.0
0.368102282718 3466815.70007 599881.583914 1.51454545455 0.0 2457910.27005 0.0 0.0 0.0
0.369990519385 3476999.42907 601596.886631 1.51454545455 0.0 2457910.2718 0.0 0.0 1.0
0.371878757561 3474344.55686 601075.148069 1.51454545455 0.0 2457910.27355 0.0 0.0 0.0
0.373766590724 3483148.29642 602572.552356 1.51454545455 0.0 2457910.27529 0.0 0.0 1.0
0.375654812297 3480203.87856 602058.328942 1.51454545455 0.0 2457910.27704 0.0 0.0 0.0
0.377543033367 3486387.37571 603142.757585 1.51454545455 0.0 2457910.27879 0.0 0.0 1.0
0.379431242362 3482776.25947 602528.559192 1.51454545455 0.0 2457910.28054 0.0 0.0 0.0
0.381319050873 3488838.7866 603506.98022 1.51454545455 0.0 2457910.28228 0.0 0.0 1.0
0.383207248296 3483885.11338 602626.235018 1.51454545455 0.0 2457910.28403 0.0 0.0 0.0
0.385095444713 3489664.09332 603638.217035 1.51454545455 0.0 2457910.28578 0.0 0.0 1.0
0.386983630564 3484478.1668 602724.0557 1.51454545455 0.0 2457910.28753 0.0 0.0 0.0
0.388871416937 3489898.53396 603655.459869 1.51454545455 0.0 2457910.28927 0.0 0.0 1.0
0.39075959977 3485597.6683 602885.794702 1.51454545455 0.0 2457910.29102 0.0 0.0 0.0
0.392647774552 3492998.1745 604169.252829 1.51454545455 0.0 2457910.29277 0.0 0.0 1.0
0.394535946316 3486569.30824 603114.676046 1.51454545455 0.0 2457910.29452 0.0 0.0 0.0
0.396423723131 3492929.00093 604210.184812 1.51454545455 0.0 2457910.29626 0.0 0.0 1.0
0.434511313633 3478388.12924 601470.882658 1.51454545455 0.0 2457910.33152 0.0 1.0 0.0
0.436399558852 3487254.7062 603128.80724 1.51454545455 0.0 2457910.33326 0.0 1.0 1.0
0.438287407613 3485698.23829 602936.377583 1.51454545455 0.0 2457910.33501 0.0 1.0 0.0
0.440175652832 3490355.23675 603755.675915 1.51454545455 0.0 2457910.33676 0.0 1.0 1.0
0.442063888996 3486270.67455 602963.672694 1.51454545455 0.0 2457910.33851 0.0 1.0 0.0
0.443952125662 3491847.15057 604002.701519 1.51454545455 0.0 2457910.34025 0.0 1.0 1.0
0.445839951279 3487141.83866 603146.591945 1.51454545455 0.0 2457910.342 0.0 1.0 0.0
0.447728176877 3492189.73739 604035.427035 1.51454545455 0.0 2457910.34375 0.0 1.0 1.0
0.449616390903 3486819.25703 603155.084504 1.51454545455 0.0 2457910.3455 0.0 1.0 0.0
0.451504603923 3491913.59582 604013.298234 1.51454545455 0.0 2457910.34724 0.0 1.0 1.0
0.453392404887 3486704.32536 603037.064123 1.51454545455 0.0 2457910.34899 0.0 1.0 0.0
0.455280605329 3494058.78774 604370.923048 1.51454545455 0.0 2457910.35074 0.0 1.0 1.0
0.457168800236 3486214.37126 602954.496397 1.51454545455 0.0 2457910.35249 0.0 1.0 0.0
0.459056984578 3492649.50421 604114.106369 1.51454545455 0.0 2457910.35423 0.0 1.0 1.0
0.460944764914 3486300.62259 602943.265773 1.51454545455 0.0 2457910.35598 0.0 1.0 0.0
0.46283294674 3491262.81633 603796.53476 1.51454545455 0.0 2457910.35773 0.0 1.0 1.0
0.464721125548 3485568.31273 602831.71707 1.51454545455 0.0 2457910.35948 0.0 1.0 0.0
0.466609297312 3490955.27877 603799.969244 1.51454545455 0.0 2457910.36122 0.0 1.0 1.0
0.468497074126 3487400.60297 603151.306177 1.51454545455 0.0 2457910.36297 0.0 1.0 0.0
-0.493915491322 3480734.50816 601838.129593 1.51454545455 0.0 2457910.39776 0.0 2.0 0.0
-0.492027246102 3484054.25433 602594.002446 1.51454545455 0.0 2457910.39951 0.0 2.0 1.0
-0.490139397845 3471676.4071 600495.151473 1.51454545455 0.0 2457910.40126 0.0 2.0 0.0
-0.488251152122 3469519.87786 600234.781755 1.51454545455 0.0 2457910.403 0.0 2.0 1.0
-0.486362916462 3455582.85512 597843.203759 1.51454545455 0.0 2457910.40475 0.0 2.0 0.0
-0.484474680298 3450464.27141 597013.826538 1.51454545455 0.0 2457910.4065 0.0 2.0 1.0
-0.48258665444 3436567.79487 594608.081804 1.51454545455 0.0 2457910.40825 0.0 2.0 0.0
-0.480698628581 3431224.10132 593776.945002 1.51454545455 0.0 2457910.40999 0.0 2.0 1.0
-0.478810415058 3419625.34507 591763.208501 1.51454545455 0.0 2457910.41174 0.0 2.0 0.0
-0.476922202541 3420844.69272 592067.93155 1.51454545455 0.0 2457910.41349 0.0 2.0 1.0
-0.475034401074 3416341.56732 591217.077032 1.51454545455 0.0 2457910.41524 0.0 2.0 0.0
-0.473146200632 3419230.18439 591805.718545 1.51454545455 0.0 2457910.41698 0.0 2.0 1.0
-0.471258005725 3412168.62716 590502.916727 1.51454545455 0.0 2457910.41873 0.0 2.0 0.0
-0.469369821383 3415968.23615 591240.931208 1.51454545455 0.0 2457910.42048 0.0 2.0 1.0
-0.467482041047 3411517.88985 590437.581045 1.51454545455 0.0 2457910.42223 0.0 2.0 0.0
-0.465593859724 3415068.88138 591061.149738 1.51454545455 0.0 2457910.42397 0.0 2.0 1.0
-0.463705680916 3409789.33571 590162.865229 1.51454545455 0.0 2457910.42572 0.0 2.0 0.0
-0.461817509152 3413702.05946 590853.185561 1.51454545455 0.0 2457910.42747 0.0 2.0 1.0
-0.459929732841 3406141.59156 589457.665561 1.51454545455 0.0 2457910.42922 0.0 2.0 0.0
-0.422342300301 3397547.80135 587841.132324 1.51454545455 0.0 2457910.46401 0.0 3.0 0.0
-0.420454055082 3406906.04859 589642.042276 1.51454545455 0.0 2457910.46575 0.0 3.0 1.0
-0.418566206321 3402241.93398 588835.669668 1.51454545455 0.0 2457910.4675 0.0 3.0 0.0
-0.416677961102 3408978.58373 590020.679777 1.51454545455 0.0 2457910.46925 0.0 3.0 1.0
-0.414789724938 3405131.89104 589343.284857 1.51454545455 0.0 2457910.471 0.0 3.0 0.0
-0.412901488775 3409545.00843 590152.600508 1.51454545455 0.0 2457910.47274 0.0 3.0 1.0
-0.411013662655 3404295.55443 589203.044538 1.51454545455 0.0 2457910.47449 0.0 3.0 0.0
-0.40912543756 3409933.26607 590164.379157 1.51454545455 0.0 2457910.47624 0.0 3.0 1.0
-0.407237224037 3408934.98497 590046.552746 1.51454545455 0.0 2457910.47799 0.0 3.0 0.0
-0.405349011521 3413153.08044 590737.52503 1.51454545455 0.0 2457910.47973 0.0 3.0 1.0
-0.403461210054 3405844.02509 589394.507349 1.51454545455 0.0 2457910.48148 0.0 3.0 0.0
-0.401573009612 3412388.5274 590622.804941 1.51454545455 0.0 2457910.48323 0.0 3.0 1.0
-0.399684815711 3410254.54584 590218.543635 1.51454545455 0.0 2457910.48498 0.0 3.0 0.0
-0.397796630866 3416100.87643 591239.845137 1.51454545455 0.0 2457910.48672 0.0 3.0 1.0
-0.395908851536 3411335.56655 590389.542949 1.51454545455 0.0 2457910.48847 0.0 3.0 0.0
-0.394020669709 3415488.8007 591097.188623 1.51454545455 0.0 2457910.49022 0.0 3.0 1.0
-0.392132491405 3413813.79108 590774.856513 1.51454545455 0.0 2457910.49197 0.0 3.0 0.0
-0.390244319641 3418929.94046 591637.612699 1.51454545455 0.0 2457910.49371 0.0 3.0 1.0
-0.38835654333 3415570.3945 591057.377521 1.51454545455 0.0 2457910.49546 0.0 3.0 0.0
-0.3507691123 3476439.72716 601050.926929 1.51454545455 0.0 2457910.53025 0.0 4.0 0.0
-0.34888086708 3485221.39423 602784.913674 1.51454545455 0.0 2457910.532 0.0 4.0 1.0
-0.346993017816 3482720.47752 602329.178169 1.51454545455 0.0 2457910.53374 0.0 4.0 0.0
-0.345104572858 3488583.1509 603396.727265 1.51454545455 0.0 2457910.53549 0.0 4.0 1.0
-0.34321653744 3484531.63319 602693.263986 1.51454545455 0.0 2457910.53724 0.0 4.0 0.0
-0.341328300773 3489027.93561 603469.509311 1.51454545455 0.0 2457910.53899 0.0 4.0 1.0
-0.33944047566 3484295.21718 602609.428913 1.51454545455 0.0 2457910.54073 0.0 4.0 0.0
-0.337552050323 3488037.14006 603312.68295 1.51454545455 0.0 2457910.54248 0.0 4.0 1.0
-0.335664036539 3485189.86574 602773.468824 1.51454545455 0.0 2457910.54423 0.0 4.0 0.0
-0.333775824022 3489751.52143 603592.732395 1.51454545455 0.0 2457910.54598 0.0 4.0 1.0
-0.331888023058 3483633.98591 602537.000334 1.51454545455 0.0 2457910.54772 0.0 4.0 0.0
-0.32999962338 3488453.77358 603449.275013 1.51454545455 0.0 2457910.54947 0.0 4.0 1.0
-0.328111628212 3485074.73109 602791.339142 1.51454545455 0.0 2457910.55122 0.0 4.0 0.0
-0.326223444373 3487542.71498 603206.175731 1.51454545455 0.0 2457910.55297 0.0 4.0 1.0
-0.32433566454 3484326.95814 602638.120652 1.51454545455 0.0 2457910.55471 0.0 4.0 0.0
-0.322447283478 3486914.09365 603119.178012 1.51454545455 0.0 2457910.55646 0.0 4.0 1.0
-0.320559304913 3482997.56308 602422.988451 1.51454545455 0.0 2457910.55821 0.0 4.0 0.0
-0.318671133652 3489285.91231 603551.546913 1.51454545455 0.0 2457910.55996 0.0 4.0 1.0
-0.316783157099 3485009.97395 602727.960103 1.51454545455 0.0 2457910.5617 0.0 4.0 0.0
