0.364326191757 3310840.07111 687942.909707 1.56545454545 0.0 2457910.26656 0.0 0.0 0.0
0.366214041524 3328974.0227 691768.590468 1.56545454545 0.0 2457910.2683 0.0 0.0 1.0
0.368102282718 3331040.05823 692174.632272 1.56545454545 0.0 2457910.27005 0.0 0.0 0.0
0.369990519385 3339031.48164 693783.670721 1.56545454545 0.0 2457910.2718 0.0 0.0 1.0
0.371878757561 3336877.38815 693257.312887 1.56545454545 0.0 2457910.27355 0.0 0.0 0.0
0.373766590724 3344273.91103 694847.32061 1.56545454545 0.0 2457910.27529 0.0 0.0 1.0
0.375654812297 3342175.29655 694390.109584 1.56545454545 0.0 2457910.27704 0.0 0.0 0.0
0.377543033367 3349193.53514 695822.594581 1.56545454545 0.0 2457910.27879 0.0 0.0 1.0
0.379431242362 3345103.76659 694894.369468 1.56545454545 0.0 2457910.28054 0.0 0.0 0.0
0.381319050873 3350858.37379 696146.055852 1.56545454545 0.0 2457910.28228 0.0 0.0 1.0
0.383207248296 3345052.83745 694947.88329 1.56545454545 0.0 2457910.28403 0.0 0.0 0.0
0.385095444713 3350507.82516 695979.043033 1.56545454545 0.0 2457910.28578 0.0 0.0 1.0
0.386983630564 3347023.71406 695301.282735 1.56545454545 0.0 2457910.28753 0.0 0.0 0.0
0.388871416937 3353167.4108 696588.021601 1.56545454545 0.0 2457910.28927 0.0 0.0 1.0
0.39075959977 3348860.71087 695617.878033 1.56545454545 0.0 2457910.29102 0.0 0.0 0.0
0.392647774552 3354011.32434 696640.401459 1.56545454545 0.0 2457910.29277 0.0 0.0 1.0
0.394535946316 3350210.86302 695947.166692 1.56545454545 0.0 2457910.29452 0.0 0.0 0.0
0.396423723131 3352826.88239 696457.247757 1.56545454545 0.0 2457910.29626 0.0 0.0 1.0
0.434511313633 3342639.96049 694173.435151 1.56545454545 0.0 2457910.33152 0.0 1.0 0.0
0.436399558852 3349331.33398 695703.648009 1.56545454545 0.0 2457910.33326 0.0 1.0 1.0
0.438287407613 3345526.74924 694977.604094 1.56545454545 0.0 2457910.33501 0.0 1.0 0.0
0.440175652832 3351771.60774 696214.159659 1.56545454545 0.0 2457910.33676 0.0 1.0 1.0
0.442063888996 3348024.78155 695450.634973 1.56545454545 0.0 2457910.33851 0.0 1.0 0.0
0.443952125662 3352484.50723 696376.777635 1.56545454545 0.0 2457910.34025 0.0 1.0 1.0
0.445839951279 3349840.66644 695797.327951 1.56545454545 0.0 2457910.342 0.0 1.0 0.0
0.447728176877 3351604.70234 696207.044459 1.56545454545 0.0 2457910.34375 0.0 1.0 1.0
0.449616390903 3348401.17316 695542.84532 1.56545454545 0.0 2457910.3455 0.0 1.0 0.0
0.451504603923 3355339.10035 696952.732209 1.56545454545 0.0 2457910.34724 0.0 1.0 1.0
0.453392404887 3348972.59507 695657.265547 1.56545454545 0.0 2457910.34899 0.0 1.0 0.0
0.455280605329 3352983.79482 696479.610558 1.56545454545 0.0 2457910.35074 0.0 1.0 1.0
0.457168800236 3349197.90802 695656.66887 1.56545454545 0.0 2457910.35249 0.0 1.0 0.0
0.459056984578 3352688.48875 696422.616825 1.56545454545 0.0 2457910.35423 0.0 1.0 1.0
0.460944764914 3350252.88135 695816.014705 1.56545454545 0.0 2457910.35598 0.0 1.0 0.0
0.46283294674 3353404.25633 696480.283788 1.56545454545 0.0 2457910.35773 0.0 1.0 1.0
0.464721125548 3347567.8207 695269.012707 1.56545454545 0.0 2457910.35948 0.0 1.0 0.0
0.466609297312 3353190.65635 696499.859921 1.56545454545 0.0 2457910.36122 0.0 1.0 1.0
0.468497074126 3350680.11371 695950.692794 1.56545454545 0.0 2457910.36297 0.0 1.0 0.0
-0.493915491322 3341625.12478 693842.116537 1.56545454545 0.0 2457910.39776 0.0 2.0 0.0
-0.492027246102 3345460.12546 694857.405985 1.56545454545 0.0 2457910.39951 0.0 2.0 1.0
-0.490139397845 3335563.2428 692850.845555 1.56545454545 0.0 2457910.40126 0.0 2.0 0.0
-0.488251152122 3331923.17414 692213.954543 1.56545454545 0.0 2457910.403 0.0 2.0 1.0
-0.486362916462 3319502.65292 689678.119041 1.56545454545 0.0 2457910.40475 0.0 2.0 0.0
-0.484474680298 3314683.33122 688740.594532 1.56545454545 0.0 2457910.4065 0.0 2.0 1.0
-0.48258665444 3300286.37909 685790.178723 1.56545454545 0.0 2457910.40825 0.0 2.0 0.0
-0.480698628581 3296526.56811 685050.596635 1.56545454545 0.0 2457910.40999 0.0 2.0 1.0
-0.478810415058 3284609.95436 682656.861695 1.56545454545 0.0 2457910.41174 0.0 2.0 0.0
-0.476922202541 3287917.36053 683355.145193 1.56545454545 0.0 2457910.41349 0.0 2.0 1.0
-0.475034401074 3280540.58715 681779.876468 1.56545454545 0.0 2457910.41524 0.0 2.0 0.0
-0.473146200632 3283090.41432 682355.060634 1.56545454545 0.0 2457910.41698 0.0 2.0 1.0
-0.471258005725 3279023.43914 681479.043392 1.56545454545 0.0 2457910.41873 0.0 2.0 0.0
-0.469369821383 3282644.2648 682341.033691 1.56545454545 0.0 2457910.42048 0.0 2.0 1.0
-0.467482041047 3277131.05185 681102.749601 1.56545454545 0.0 2457910.42223 0.0 2.0 0.0
-0.465593859724 3280155.56757 681776.836263 1.56545454545 0.0 2457910.42397 0.0 2.0 1.0
-0.463705680916 3275103.65826 680697.241257 1.56545454545 0.0 2457910.42572 0.0 2.0 0.0
-0.461817509152 3279077.36791 681534.504942 1.56545454545 0.0 2457910.42747 0.0 2.0 1.0
-0.459929732841 3273856.27925 680439.715214 1.56545454545 0.0 2457910.42922 0.0 2.0 0.0
-0.422342300301 3264354.80686 678280.863645 1.56545454545 0.0 2457910.46401 0.0 3.0 0.0
-0.420454055082 3273325.01702 680274.479345 1.56545454545 0.0 2457910.46575 0.0 3.0 1.0
-0.418566206321 3269669.40269 679618.187545 1.56545454545 0.0 2457910.4675 0.0 3.0 0.0
-0.416677961102 3275492.73134 680798.928025 1.56545454545 0.0 2457910.46925 0.0 3.0 1.0
-0.414789724938 3269606.45092 679588.596867 1.56545454545 0.0 2457910.471 0.0 3.0 0.0
-0.412901488775 3275679.54599 680866.514931 1.56545454545 0.0 2457910.47274 0.0 3.0 1.0
-0.411013662655 3270189.80842 679705.522778 1.56545454545 0.0 2457910.47449 0.0 3.0 0.0
-0.40912543756 3277336.14107 681156.64675 1.56545454545 0.0 2457910.47624 0.0 3.0 1.0
-0.407237224037 3272681.01336 680211.563794 1.56545454545 0.0 2457910.47799 0.0 3.0 0.0
-0.405349011521 3277742.31982 681330.788306 1.56545454545 0.0 2457910.47973 0.0 3.0 1.0
-0.403461210054 3274738.72909 680577.208014 1.56545454545 0.0 2457910.48148 0.0 3.0 0.0
-0.401573009612 3280374.91632 681881.933687 1.56545454545 0.0 2457910.48323 0.0 3.0 1.0
-0.399684815711 3274942.02856 680662.236678 1.56545454545 0.0 2457910.48498 0.0 3.0 0.0
-0.397796630866 3280701.95682 681883.777329 1.56545454545 0.0 2457910.48672 0.0 3.0 1.0
-0.395908851536 3277739.5708 681224.684061 1.56545454545 0.0 2457910.48847 0.0 3.0 0.0
-0.394020669709 3282436.94619 682231.157705 1.56545454545 0.0 2457910.49022 0.0 3.0 1.0
-0.392132491405 3278309.2089 681339.090644 1.56545454545 0.0 2457910.49197 0.0 3.0 0.0
-0.390244319641 3282892.64719 682333.288717 1.56545454545 0.0 2457910.49371 0.0 3.0 1.0
-0.38835654333 3280920.29978 681900.274925 1.56545454545 0.0 2457910.49546 0.0 3.0 0.0
-0.3507691123 3340942.86236 693672.490534 1.56545454545 0.0 2457910.53025 0.0 4.0 0.0
-0.34888086708 3347942.30924 695381.235389 1.56545454545 0.0 2457910.532 0.0 4.0 1.0
-0.346993017816 3344882.24519 694668.239818 1.56545454545 0.0 2457910.53374 0.0 4.0 0.0
-0.345104572858 3350134.41581 695898.021096 1.56545454545 0.0 2457910.53549 0.0 4.0 1.0
-0.34321653744 3344756.88429 694804.225238 1.56545454545 0.0 2457910.53724 0.0 4.0 0.0
-0.341328300773 3349803.09662 695826.306355 1.56545454545 0.0 2457910.53899 0.0 4.0 1.0
-0.33944047566 3345059.30838 694780.753489 1.56545454545 0.0 2457910.54073 0.0 4.0 0.0
-0.337552050323 3349913.00298 695829.517313 1.56545454545 0.0 2457910.54248 0.0 4.0 1.0
-0.335664036539 3347330.45574 695272.819453 1.56545454545 0.0 2457910.54423 0.0 4.0 0.0
-0.333775824022 3350749.11674 695922.650819 1.56545454545 0.0 2457910.54598 0.0 4.0 1.0
-0.331888023058 3347339.95176 695292.808461 1.56545454545 0.0 2457910.54772 0.0 4.0 0.0
-0.32999962338 3352482.82714 696357.652253 1.56545454545 0.0 2457910.54947 0.0 4.0 1.0
-0.328111628212 3345903.44444 695032.85651 1.56545454545 0.0 2457910.55122 0.0 4.0 0.0
-0.326223444373 3350682.42858 696022.757238 1.56545454545 0.0 2457910.55297 0.0 4.0 1.0
-0.32433566454 3346395.7945 695091.262967 1.56545454545 0.0 2457910.55471 0.0 4.0 0.0
-0.322447283478 3350979.53587 696028.649853 1.56545454545 0.0 2457910.55646 0.0 4.0 1.0
-0.320559304913 3345209.94518 694845.982584 1.56545454545 0.0 2457910.55821 0.0 4.0 0.0
-0.318671133652 3353306.81599 696513.440419 1.56545454545 0.0 2457910.55996 0.0 4.0 1.0
-0.316783157099 3345940.43531 694930.664995 1.56545454545 0.0 2457910.5617 0.0 4.0 0.0
