0.364326191757 3264356.37338 677693.884132 1.23454545455 0.0 2457910.26656 0.0 0.0 0.0
0.366214041524 3279166.88618 680913.817515 1.23454545455 0.0 2457910.2683 0.0 0.0 1.0
0.368102282718 3281210.46277 681335.363632 1.23454545455 0.0 2457910.27005 0.0 0.0 0.0
0.369990519385 3291273.67403 683328.488679 1.23454545455 0.0 2457910.2718 0.0 0.0 1.0
0.371878757561 3288783.76117 682773.514477 1.23454545455 0.0 2457910.27355 0.0 0.0 0.0
0.373766590724 3295357.83402 684077.36386 1.23454545455 0.0 2457910.27529 0.0 0.0 1.0
0.375654812297 3292450.54393 683506.944223 1.23454545455 0.0 2457910.27704 0.0 0.0 0.0
0.377543033367 3300099.91493 685102.424145 1.23454545455 0.0 2457910.27879 0.0 0.0 1.0
0.379431242362 3294238.48107 683907.117987 1.23454545455 0.0 2457910.28054 0.0 0.0 0.0
0.381319050873 3301637.93056 685354.025493 1.23454545455 0.0 2457910.28228 0.0 0.0 1.0
0.383207248296 3297879.3399 684640.135861 1.23454545455 0.0 2457910.28403 0.0 0.0 0.0
0.385095444713 3301780.37461 685312.228891 1.23454545455 0.0 2457910.28578 0.0 0.0 1.0
0.386983630564 3298809.24899 684774.069227 1.23454545455 0.0 2457910.28753 0.0 0.0 0.0
0.388871416937 3303343.40374 685644.098812 1.23454545455 0.0 2457910.28927 0.0 0.0 1.0
0.39075959977 3300564.21048 685085.338239 1.23454545455 0.0 2457910.29102 0.0 0.0 0.0
0.392647774552 3304555.16839 685867.306725 1.23454545455 0.0 2457910.29277 0.0 0.0 1.0
0.394535946316 3300941.27585 685203.858203 1.23454545455 0.0 2457910.29452 0.0 0.0 0.0
0.396423723131 3304049.65171 685815.710715 1.23454545455 0.0 2457910.29626 0.0 0.0 1.0
0.434511313633 3293565.94984 683418.764 1.23454545455 0.0 2457910.33152 0.0 1.0 0.0
0.436399558852 3301807.48374 685270.757133 1.23454545455 0.0 2457910.33326 0.0 1.0 1.0
0.438287407613 3297223.7562 684419.270268 1.23454545455 0.0 2457910.33501 0.0 1.0 0.0
0.440175652832 3302749.7711 685520.841013 1.23454545455 0.0 2457910.33676 0.0 1.0 1.0
0.442063888996 3299003.04191 684799.792347 1.23454545455 0.0 2457910.33851 0.0 1.0 0.0
0.443952125662 3302263.58001 685379.215969 1.23454545455 0.0 2457910.34025 0.0 1.0 1.0
0.445839951279 3298477.16073 684684.886377 1.23454545455 0.0 2457910.342 0.0 1.0 0.0
0.447728176877 3302645.46533 685492.164261 1.23454545455 0.0 2457910.34375 0.0 1.0 1.0
0.449616390903 3300693.10331 685132.842692 1.23454545455 0.0 2457910.3455 0.0 1.0 0.0
0.451504603923 3303270.97012 685554.0442 1.23454545455 0.0 2457910.34724 0.0 1.0 1.0
0.453392404887 3300302.62652 684992.161688 1.23454545455 0.0 2457910.34899 0.0 1.0 0.0
0.455280605329 3304211.8414 685907.550975 1.23454545455 0.0 2457910.35074 0.0 1.0 1.0
0.457168800236 3298607.12337 684635.432575 1.23454545455 0.0 2457910.35249 0.0 1.0 0.0
0.459056984578 3304962.95259 685959.610782 1.23454545455 0.0 2457910.35423 0.0 1.0 1.0
0.460944764914 3301057.41417 685179.8659 1.23454545455 0.0 2457910.35598 0.0 1.0 0.0
0.46283294674 3305902.48642 686077.613768 1.23454545455 0.0 2457910.35773 0.0 1.0 1.0
0.464721125548 3300084.34071 684921.544405 1.23454545455 0.0 2457910.35948 0.0 1.0 0.0
0.466609297312 3305219.59473 685978.483323 1.23454545455 0.0 2457910.36122 0.0 1.0 1.0
0.468497074126 3301269.92468 685175.501084 1.23454545455 0.0 2457910.36297 0.0 1.0 0.0
-0.493915491322 3292719.34741 683179.981241 1.23454545455 0.0 2457910.39776 0.0 2.0 0.0
-0.492027246102 3296695.73042 684168.949234 1.23454545455 0.0 2457910.39951 0.0 2.0 1.0
-0.490139397845 3287748.88372 682447.011447 1.23454545455 0.0 2457910.40126 0.0 2.0 0.0
-0.488251152122 3282610.12815 681399.256352 1.23454545455 0.0 2457910.403 0.0 2.0 1.0
-0.486362916462 3271952.82668 679284.953091 1.23454545455 0.0 2457910.40475 0.0 2.0 0.0
-0.484474680298 3264799.42423 677910.83412 1.23454545455 0.0 2457910.4065 0.0 2.0 1.0
-0.48258665444 3253201.08797 675498.724863 1.23454545455 0.0 2457910.40825 0.0 2.0 0.0
-0.480698628581 3248023.01954 674440.561675 1.23454545455 0.0 2457910.40999 0.0 2.0 1.0
-0.478810415058 3236882.72846 672230.546038 1.23454545455 0.0 2457910.41174 0.0 2.0 0.0
-0.476922202541 3238151.10529 672451.998468 1.23454545455 0.0 2457910.41349 0.0 2.0 1.0
-0.475034401074 3234203.21777 671776.128377 1.23454545455 0.0 2457910.41524 0.0 2.0 0.0
-0.473146200632 3236215.41429 672063.238583 1.23454545455 0.0 2457910.41698 0.0 2.0 1.0
-0.471258005725 3229987.31693 670802.437863 1.23454545455 0.0 2457910.41873 0.0 2.0 0.0
-0.469369821383 3233412.84208 671520.554087 1.23454545455 0.0 2457910.42048 0.0 2.0 1.0
-0.467482041047 3228836.23853 670552.274163 1.23454545455 0.0 2457910.42223 0.0 2.0 0.0
-0.465593859724 3230598.31128 670945.209734 1.23454545455 0.0 2457910.42397 0.0 2.0 1.0
-0.463705680916 3228042.86493 670447.641429 1.23454545455 0.0 2457910.42572 0.0 2.0 0.0
-0.461817509152 3230200.98938 670866.568014 1.23454545455 0.0 2457910.42747 0.0 2.0 1.0
-0.459929732841 3226903.17834 670175.833932 1.23454545455 0.0 2457910.42922 0.0 2.0 0.0
-0.422342300301 3213816.75956 667234.231125 1.23454545455 0.0 2457910.46401 0.0 3.0 0.0
-0.420454055082 3222765.84482 669337.362654 1.23454545455 0.0 2457910.46575 0.0 3.0 1.0
-0.418566206321 3221713.25357 669193.156214 1.23454545455 0.0 2457910.4675 0.0 3.0 0.0
-0.416677961102 3223717.75407 669531.032232 1.23454545455 0.0 2457910.46925 0.0 3.0 1.0
-0.414789724938 3222144.1202 669217.222838 1.23454545455 0.0 2457910.471 0.0 3.0 0.0
-0.412901488775 3225984.0797 670025.335803 1.23454545455 0.0 2457910.47274 0.0 3.0 1.0
-0.411013662655 3222702.29098 669295.164937 1.23454545455 0.0 2457910.47449 0.0 3.0 0.0
-0.40912543756 3228736.12273 670539.075722 1.23454545455 0.0 2457910.47624 0.0 3.0 1.0
-0.407237224037 3225166.79567 669831.369941 1.23454545455 0.0 2457910.47799 0.0 3.0 0.0
-0.405349011521 3229247.65331 670657.129191 1.23454545455 0.0 2457910.47973 0.0 3.0 1.0
-0.403461210054 3227274.02682 670241.221078 1.23454545455 0.0 2457910.48148 0.0 3.0 0.0
-0.401573009612 3231325.18872 671112.212699 1.23454545455 0.0 2457910.48323 0.0 3.0 1.0
-0.399684815711 3228176.10043 670459.439968 1.23454545455 0.0 2457910.48498 0.0 3.0 0.0
-0.397796630866 3232002.06883 671268.462403 1.23454545455 0.0 2457910.48672 0.0 3.0 1.0
-0.395908851536 3229528.51103 670755.894408 1.23454545455 0.0 2457910.48847 0.0 3.0 0.0
-0.394020669709 3234307.03637 671621.019701 1.23454545455 0.0 2457910.49022 0.0 3.0 1.0
-0.392132491405 3230117.97323 670785.831348 1.23454545455 0.0 2457910.49197 0.0 3.0 0.0
-0.390244319641 3234724.2363 671705.596714 1.23454545455 0.0 2457910.49371 0.0 3.0 1.0
-0.38835654333 3233470.09089 671436.781196 1.23454545455 0.0 2457910.49546 0.0 3.0 0.0
-0.3507691123 3291660.238 682950.044181 1.23454545455 0.0 2457910.53025 0.0 4.0 0.0
-0.34888086708 3299653.2307 684889.641344 1.23454545455 0.0 2457910.532 0.0 4.0 1.0
-0.346993017816 3294535.13353 683729.136885 1.23454545455 0.0 2457910.53374 0.0 4.0 0.0
-0.345104572858 3300198.01125 684917.354987 1.23454545455 0.0 2457910.53549 0.0 4.0 1.0
-0.34321653744 3296853.9769 684321.843964 1.23454545455 0.0 2457910.53724 0.0 4.0 0.0
-0.341328300773 3301235.04348 685106.488879 1.23454545455 0.0 2457910.53899 0.0 4.0 1.0
-0.33944047566 3297195.80044 684361.270249 1.23454545455 0.0 2457910.54073 0.0 4.0 0.0
-0.337552050323 3302184.55983 685327.894865 1.23454545455 0.0 2457910.54248 0.0 4.0 1.0
-0.335664036539 3298241.6039 684567.90693 1.23454545455 0.0 2457910.54423 0.0 4.0 0.0
-0.333775824022 3302039.00077 685332.521601 1.23454545455 0.0 2457910.54598 0.0 4.0 1.0
-0.331888023058 3298049.22055 684521.540851 1.23454545455 0.0 2457910.54772 0.0 4.0 0.0
-0.32999962338 3303110.5706 685609.741761 1.23454545455 0.0 2457910.54947 0.0 4.0 1.0
-0.328111628212 3298039.55928 684573.825024 1.23454545455 0.0 2457910.55122 0.0 4.0 0.0
-0.326223444373 3303140.32372 685541.898973 1.23454545455 0.0 2457910.55297 0.0 4.0 1.0
-0.32433566454 3298766.0732 684686.142771 1.23454545455 0.0 2457910.55471 0.0 4.0 0.0
-0.322447283478 3300740.33949 685065.994366 1.23454545455 0.0 2457910.55646 0.0 4.0 1.0
-0.320559304913 3298268.55595 684646.648446 1.23454545455 0.0 2457910.55821 0.0 4.0 0.0
-0.318671133652 3301977.89739 685322.383455 1.23454545455 0.0 2457910.55996 0.0 4.0 1.0
-0.316783157099 3299115.33103 684702.340377 1.23454545455 0.0 2457910.5617 0.0 4.0 0.0
