0.364326191757 3134019.47089 651644.520283 1.61636363636 0.0 2457910.26656 0.0 0.0 0.0
0.366214041524 3149119.28382 655036.068269 1.61636363636 0.0 2457910.2683 0.0 0.0 1.0
0.368102282718 3150570.43868 655242.96396 1.61636363636 0.0 2457910.27005 0.0 0.0 0.0
0.369990519385 3161307.85713 657413.56962 1.61636363636 0.0 2457910.2718 0.0 0.0 1.0
0.371878757561 3157381.73451 656516.397704 1.61636363636 0.0 2457910.27355 0.0 0.0 0.0
0.373766590724 3164567.12313 658120.819051 1.61636363636 0.0 2457910.27529 0.0 0.0 1.0
0.375654812297 3161450.69891 657335.266927 1.61636363636 0.0 2457910.27704 0.0 0.0 0.0
0.377543033367 3167492.75532 658649.30144 1.61636363636 0.0 2457910.27879 0.0 0.0 1.0
0.379431242362 3163513.2267 657748.104707 1.61636363636 0.0 2457910.28054 0.0 0.0 0.0
0.381319050873 3170398.79259 659237.470889 1.61636363636 0.0 2457910.28228 0.0 0.0 1.0
0.383207248296 3165166.52005 658052.165738 1.61636363636 0.0 2457910.28403 0.0 0.0 0.0
0.385095444713 3169720.91566 659027.876505 1.61636363636 0.0 2457910.28578 0.0 0.0 1.0
0.386983630564 3165629.95164 658114.933462 1.61636363636 0.0 2457910.28753 0.0 0.0 0.0
0.388871416937 3172296.40415 659533.241188 1.61636363636 0.0 2457910.28927 0.0 0.0 1.0
0.39075959977 3168401.38409 658708.021601 1.61636363636 0.0 2457910.29102 0.0 0.0 0.0
0.392647774552 3171628.85334 659351.153681 1.61636363636 0.0 2457910.29277 0.0 0.0 1.0
0.394535946316 3167763.35692 658557.506155 1.61636363636 0.0 2457910.29452 0.0 0.0 0.0
0.396423723131 3172812.49284 659715.275785 1.61636363636 0.0 2457910.29626 0.0 0.0 1.0
0.434511313633 3160447.65409 656811.231597 1.61636363636 0.0 2457910.33152 0.0 1.0 0.0
0.436399558852 3167600.46105 658527.36119 1.61636363636 0.0 2457910.33326 0.0 1.0 1.0
0.438287407613 3167088.43213 658427.359376 1.61636363636 0.0 2457910.33501 0.0 1.0 0.0
0.440175652832 3172404.54808 659555.465514 1.61636363636 0.0 2457910.33676 0.0 1.0 1.0
0.442063888996 3166172.73898 658291.452988 1.61636363636 0.0 2457910.33851 0.0 1.0 0.0
0.443952125662 3170521.82115 659149.161708 1.61636363636 0.0 2457910.34025 0.0 1.0 1.0
0.445839951279 3168330.15271 658693.567196 1.61636363636 0.0 2457910.342 0.0 1.0 0.0
0.447728176877 3172384.02888 659487.480701 1.61636363636 0.0 2457910.34375 0.0 1.0 1.0
0.449616390903 3166718.89107 658327.657914 1.61636363636 0.0 2457910.3455 0.0 1.0 0.0
0.451504603923 3172681.65191 659633.196668 1.61636363636 0.0 2457910.34724 0.0 1.0 1.0
0.453392404887 3169998.28013 658932.463634 1.61636363636 0.0 2457910.34899 0.0 1.0 0.0
0.455280605329 3173024.25004 659650.602437 1.61636363636 0.0 2457910.35074 0.0 1.0 1.0
0.457168800236 3166886.15788 658279.890809 1.61636363636 0.0 2457910.35249 0.0 1.0 0.0
0.459056984578 3172362.9801 659570.519432 1.61636363636 0.0 2457910.35423 0.0 1.0 1.0
0.460944764914 3168377.28918 658616.453263 1.61636363636 0.0 2457910.35598 0.0 1.0 0.0
0.46283294674 3172125.99536 659402.974407 1.61636363636 0.0 2457910.35773 0.0 1.0 1.0
0.464721125548 3167834.74549 658511.535032 1.61636363636 0.0 2457910.35948 0.0 1.0 0.0
0.466609297312 3171554.44041 659269.279277 1.61636363636 0.0 2457910.36122 0.0 1.0 1.0
0.468497074126 3168766.96502 658760.185099 1.61636363636 0.0 2457910.36297 0.0 1.0 0.0
-0.493915491322 3160350.83292 656791.052923 1.61636363636 0.0 2457910.39776 0.0 2.0 0.0
-0.492027246102 3165055.77002 657982.051268 1.61636363636 0.0 2457910.39951 0.0 2.0 1.0
-0.490139397845 3155137.37802 655870.406518 1.61636363636 0.0 2457910.40126 0.0 2.0 0.0
-0.488251152122 3151109.59647 655224.78627 1.61636363636 0.0 2457910.403 0.0 2.0 1.0
-0.486362916462 3140048.38316 652945.002323 1.61636363636 0.0 2457910.40475 0.0 2.0 0.0
-0.484474680298 3132984.4064 651559.976625 1.61636363636 0.0 2457910.4065 0.0 2.0 1.0
-0.48258665444 3119186.98923 648685.163057 1.61636363636 0.0 2457910.40825 0.0 2.0 0.0
-0.480698628581 3116094.88674 648163.523681 1.61636363636 0.0 2457910.40999 0.0 2.0 1.0
-0.478810415058 3105858.35426 645989.889155 1.61636363636 0.0 2457910.41174 0.0 2.0 0.0
-0.476922202541 3108932.48036 646691.871609 1.61636363636 0.0 2457910.41349 0.0 2.0 1.0
-0.475034401074 3102684.6588 645470.271643 1.61636363636 0.0 2457910.41524 0.0 2.0 0.0
-0.473146200632 3105477.39863 645933.923813 1.61636363636 0.0 2457910.41698 0.0 2.0 1.0
-0.471258005725 3101194.3142 645056.497049 1.61636363636 0.0 2457910.41873 0.0 2.0 0.0
-0.469369821383 3104098.31261 645728.18942 1.61636363636 0.0 2457910.42048 0.0 2.0 1.0
-0.467482041047 3098521.7232 644471.806606 1.61636363636 0.0 2457910.42223 0.0 2.0 0.0
-0.465593859724 3101553.25642 645128.819052 1.61636363636 0.0 2457910.42397 0.0 2.0 1.0
-0.463705680916 3099074.65539 644647.374102 1.61636363636 0.0 2457910.42572 0.0 2.0 0.0
-0.461817509152 3101515.15482 645293.63665 1.61636363636 0.0 2457910.42747 0.0 2.0 1.0
-0.459929732841 3097658.5397 644348.818583 1.61636363636 0.0 2457910.42922 0.0 2.0 0.0
-0.422342300301 3087553.54244 642062.868831 1.61636363636 0.0 2457910.46401 0.0 3.0 0.0
-0.420454055082 3096294.20839 644086.247364 1.61636363636 0.0 2457910.46575 0.0 3.0 1.0
-0.418566206321 3091624.0389 643150.910889 1.61636363636 0.0 2457910.4675 0.0 3.0 0.0
-0.416677961102 3097909.11559 644439.125707 1.61636363636 0.0 2457910.46925 0.0 3.0 1.0
-0.414789724938 3094625.56023 643754.470892 1.61636363636 0.0 2457910.471 0.0 3.0 0.0
-0.412901488775 3098499.00678 644579.661317 1.61636363636 0.0 2457910.47274 0.0 3.0 1.0
-0.411013662655 3096136.66838 643960.646933 1.61636363636 0.0 2457910.47449 0.0 3.0 0.0
-0.40912543756 3101663.81542 645180.353223 1.61636363636 0.0 2457910.47624 0.0 3.0 1.0
-0.407237224037 3097466.28285 644351.353637 1.61636363636 0.0 2457910.47799 0.0 3.0 0.0
-0.405349011521 3101055.60291 645127.599155 1.61636363636 0.0 2457910.47973 0.0 3.0 1.0
-0.403461210054 3097478.80712 644278.824456 1.61636363636 0.0 2457910.48148 0.0 3.0 0.0
-0.401573009612 3103093.79694 645557.300702 1.61636363636 0.0 2457910.48323 0.0 3.0 1.0
-0.399684815711 3099257.63596 644634.394003 1.61636363636 0.0 2457910.48498 0.0 3.0 0.0
-0.397796630866 3102694.45098 645406.998656 1.61636363636 0.0 2457910.48672 0.0 3.0 1.0
-0.395908851536 3101785.10455 645212.919258 1.61636363636 0.0 2457910.48847 0.0 3.0 0.0
-0.394020669709 3102409.40344 645323.596861 1.61636363636 0.0 2457910.49022 0.0 3.0 1.0
-0.392132491405 3100423.88044 644926.395136 1.61636363636 0.0 2457910.49197 0.0 3.0 0.0
-0.390244319641 3105801.19411 646110.83646 1.61636363636 0.0 2457910.49371 0.0 3.0 1.0
-0.38835654333 3103284.72132 645459.385984 1.61636363636 0.0 2457910.49546 0.0 3.0 0.0
-0.3507691123 3159869.6097 656656.964758 1.61636363636 0.0 2457910.53025 0.0 4.0 0.0
-0.34888086708 3166642.95929 658327.69585 1.61636363636 0.0 2457910.532 0.0 4.0 1.0
-0.346993017816 3163154.68314 657550.951057 1.61636363636 0.0 2457910.53374 0.0 4.0 0.0
-0.345104572858 3168263.16031 658682.906279 1.61636363636 0.0 2457910.53549 0.0 4.0 1.0
-0.34321653744 3165851.2999 658166.029167 1.61636363636 0.0 2457910.53724 0.0 4.0 0.0
-0.341328300773 3167764.21994 658590.686301 1.61636363636 0.0 2457910.53899 0.0 4.0 1.0
-0.33944047566 3166892.64825 658345.905393 1.61636363636 0.0 2457910.54073 0.0 4.0 0.0
-0.337552050323 3169490.76246 658896.476582 1.61636363636 0.0 2457910.54248 0.0 4.0 1.0
-0.335664036539 3165891.68128 658190.30209 1.61636363636 0.0 2457910.54423 0.0 4.0 0.0
-0.333775824022 3168696.82669 658739.166903 1.61636363636 0.0 2457910.54598 0.0 4.0 1.0
-0.331888023058 3165738.33172 658054.295374 1.61636363636 0.0 2457910.54772 0.0 4.0 0.0
-0.32999962338 3168768.45629 658762.782054 1.61636363636 0.0 2457910.54947 0.0 4.0 1.0
-0.328111628212 3164798.38608 657956.260798 1.61636363636 0.0 2457910.55122 0.0 4.0 0.0
-0.326223444373 3168787.00102 658868.653118 1.61636363636 0.0 2457910.55297 0.0 4.0 1.0
-0.32433566454 3165268.84631 657990.26975 1.61636363636 0.0 2457910.55471 0.0 4.0 0.0
-0.322447283478 3168641.73704 658765.909296 1.61636363636 0.0 2457910.55646 0.0 4.0 1.0
-0.320559304913 3164587.51908 657853.034334 1.61636363636 0.0 2457910.55821 0.0 4.0 0.0
-0.318671133652 3167669.04706 658546.574401 1.61636363636 0.0 2457910.55996 0.0 4.0 1.0
-0.316783157099 3165550.12928 657936.093646 1.61636363636 0.0 2457910.5617 0.0 4.0 0.0
