0.364326191757 3513128.49903 607521.973315 1.46363636364 0.0 2457910.26656 0.0 0.0 0.0
0.366214041524 3533175.06044 611059.282268 1.46363636364 0.0 2457910.2683 0.0 0.0 1.0
0.368102282718 3534451.99142 611236.805316 1.46363636364 0.0 2457910.27005 0.0 0.0 0.0
0.369990519385 3544865.58946 613054.12811 1.46363636364 0.0 2457910.2718 0.0 0.0 1.0
0.371878757561 3541363.95804 612369.935425 1.46363636364 0.0 2457910.27355 0.0 0.0 0.0
0.373766590724 3549542.97224 613820.58693 1.46363636364 0.0 2457910.27529 0.0 0.0 1.0
0.375654812297 3547110.48533 613375.46509 1.46363636364 0.0 2457910.27704 0.0 0.0 0.0
0.377543033367 3552419.94751 614301.275373 1.46363636364 0.0 2457910.27879 0.0 0.0 1.0
0.379431242362 3550311.69931 613931.101296 1.46363636364 0.0 2457910.28054 0.0 0.0 0.0
0.381319050873 3553693.70912 614412.558403 1.46363636364 0.0 2457910.28228 0.0 0.0 1.0
0.383207248296 3549615.01539 613760.099088 1.46363636364 0.0 2457910.28403 0.0 0.0 0.0
0.385095444713 3556137.26005 614828.010438 1.46363636364 0.0 2457910.28578 0.0 0.0 1.0
0.386983630564 3552869.60743 614303.13618 1.46363636364 0.0 2457910.28753 0.0 0.0 0.0
0.388871416937 3557472.43196 615098.809016 1.46363636364 0.0 2457910.28927 0.0 0.0 1.0
0.39075959977 3553119.17179 614313.065483 1.46363636364 0.0 2457910.29102 0.0 0.0 0.0
0.392647774552 3556504.29194 614865.961892 1.46363636364 0.0 2457910.29277 0.0 0.0 1.0
0.394535946316 3554520.80313 614546.164608 1.46363636364 0.0 2457910.29452 0.0 0.0 0.0
0.396423723131 3559403.14499 615423.277273 1.46363636364 0.0 2457910.29626 0.0 0.0 1.0
0.434511313633 3546358.73234 612932.840872 1.46363636364 0.0 2457910.33152 0.0 1.0 0.0
0.436399558852 3554000.04077 614393.970058 1.46363636364 0.0 2457910.33326 0.0 1.0 1.0
0.438287407613 3551464.558 614027.488998 1.46363636364 0.0 2457910.33501 0.0 1.0 0.0
0.440175652832 3555691.144 614763.941029 1.46363636364 0.0 2457910.33676 0.0 1.0 1.0
0.442063888996 3552206.9249 614128.803764 1.46363636364 0.0 2457910.33851 0.0 1.0 0.0
0.443952125662 3558200.94477 615154.574272 1.46363636364 0.0 2457910.34025 0.0 1.0 1.0
0.445839951279 3552339.6365 614124.428462 1.46363636364 0.0 2457910.342 0.0 1.0 0.0
0.447728176877 3557866.78167 615104.335246 1.46363636364 0.0 2457910.34375 0.0 1.0 1.0
0.449616390903 3554738.34577 614556.27701 1.46363636364 0.0 2457910.3455 0.0 1.0 0.0
0.451504603923 3558913.93002 615240.265275 1.46363636364 0.0 2457910.34724 0.0 1.0 1.0
0.453392404887 3555779.06313 614734.570935 1.46363636364 0.0 2457910.34899 0.0 1.0 0.0
0.455280605329 3558497.55 615222.52897 1.46363636364 0.0 2457910.35074 0.0 1.0 1.0
0.457168800236 3553799.44136 614376.306314 1.46363636364 0.0 2457910.35249 0.0 1.0 0.0
0.459056984578 3558506.44953 615174.915834 1.46363636364 0.0 2457910.35423 0.0 1.0 1.0
0.460944764914 3553397.64968 614308.86198 1.46363636364 0.0 2457910.35598 0.0 1.0 0.0
0.46283294674 3558467.87269 615174.867445 1.46363636364 0.0 2457910.35773 0.0 1.0 1.0
0.464721125548 3555306.84376 614627.733283 1.46363636364 0.0 2457910.35948 0.0 1.0 0.0
0.466609297312 3559106.66981 615262.377916 1.46363636364 0.0 2457910.36122 0.0 1.0 1.0
0.468497074126 3553584.10888 614403.381028 1.46363636364 0.0 2457910.36297 0.0 1.0 0.0
-0.493915491322 3544801.58543 612648.540094 1.46363636364 0.0 2457910.39776 0.0 2.0 0.0
-0.492027246102 3549427.04877 613594.059078 1.46363636364 0.0 2457910.39951 0.0 2.0 1.0
-0.490139397845 3538418.63622 611784.447074 1.46363636364 0.0 2457910.40126 0.0 2.0 0.0
-0.488251152122 3533442.53696 610985.761611 1.46363636364 0.0 2457910.403 0.0 2.0 1.0
-0.486362916462 3521308.3383 608957.942371 1.46363636364 0.0 2457910.40475 0.0 2.0 0.0
-0.484474680298 3516891.4116 608236.096944 1.46363636364 0.0 2457910.4065 0.0 2.0 1.0
-0.48258665444 3501168.9152 605548.637383 1.46363636364 0.0 2457910.40825 0.0 2.0 0.0
-0.480698628581 3495733.95629 604619.465834 1.46363636364 0.0 2457910.40999 0.0 2.0 1.0
-0.478810415058 3485891.61789 602938.95562 1.46363636364 0.0 2457910.41174 0.0 2.0 0.0
-0.476922202541 3486233.34667 603041.763959 1.46363636364 0.0 2457910.41349 0.0 2.0 1.0
-0.475034401074 3481895.68751 602331.154166 1.46363636364 0.0 2457910.41524 0.0 2.0 0.0
-0.473146200632 3483592.1499 602555.920146 1.46363636364 0.0 2457910.41698 0.0 2.0 1.0
-0.471258005725 3477901.62231 601600.333433 1.46363636364 0.0 2457910.41873 0.0 2.0 0.0
-0.469369821383 3481661.9567 602319.664522 1.46363636364 0.0 2457910.42048 0.0 2.0 1.0
-0.467482041047 3474841.9941 601110.819546 1.46363636364 0.0 2457910.42223 0.0 2.0 0.0
-0.465593859724 3478316.09223 601720.31569 1.46363636364 0.0 2457910.42397 0.0 2.0 1.0
-0.463705680916 3473899.48806 601005.514716 1.46363636364 0.0 2457910.42572 0.0 2.0 0.0
-0.461817509152 3477591.87711 601631.793713 1.46363636364 0.0 2457910.42747 0.0 2.0 1.0
-0.459929732841 3471453.62169 600492.046761 1.46363636364 0.0 2457910.42922 0.0 2.0 0.0
-0.422342300301 3463187.46665 598952.207809 1.46363636364 0.0 2457910.46401 0.0 3.0 0.0
-0.420454055082 3470781.07797 600409.092817 1.46363636364 0.0 2457910.46575 0.0 3.0 1.0
-0.418566206321 3467380.44138 599836.94719 1.46363636364 0.0 2457910.4675 0.0 3.0 0.0
-0.416677961102 3472401.0928 600719.406678 1.46363636364 0.0 2457910.46925 0.0 3.0 1.0
-0.414789724938 3468825.40076 600109.556783 1.46363636364 0.0 2457910.471 0.0 3.0 0.0
-0.412901488775 3474905.66052 601151.996078 1.46363636364 0.0 2457910.47274 0.0 3.0 1.0
-0.411013662655 3471325.79418 600475.382473 1.46363636364 0.0 2457910.47449 0.0 3.0 0.0
-0.40912543756 3475929.60742 601291.184534 1.46363636364 0.0 2457910.47624 0.0 3.0 1.0
-0.407237224037 3472724.21764 600776.385237 1.46363636364 0.0 2457910.47799 0.0 3.0 0.0
-0.405349011521 3477089.39928 601499.332694 1.46363636364 0.0 2457910.47973 0.0 3.0 1.0
-0.403461210054 3473782.42572 600890.534937 1.46363636364 0.0 2457910.48148 0.0 3.0 0.0
-0.401573009612 3480024.68411 602007.138411 1.46363636364 0.0 2457910.48323 0.0 3.0 1.0
-0.399684815711 3474815.89408 601100.596665 1.46363636364 0.0 2457910.48498 0.0 3.0 0.0
-0.397796630866 3481023.92506 602172.251999 1.46363636364 0.0 2457910.48672 0.0 3.0 1.0
-0.395908851536 3475772.88231 601294.711153 1.46363636364 0.0 2457910.48847 0.0 3.0 0.0
-0.394020669709 3481092.64165 602154.193443 1.46363636364 0.0 2457910.49022 0.0 3.0 1.0
-0.392132491405 3477169.1749 601483.359579 1.46363636364 0.0 2457910.49197 0.0 3.0 0.0
-0.390244319641 3483451.08112 602555.149796 1.46363636364 0.0 2457910.49371 0.0 3.0 1.0
-0.38835654333 3480469.9129 601986.259693 1.46363636364 0.0 2457910.49546 0.0 3.0 0.0
-0.3507691123 3542768.13194 612266.345236 1.46363636364 0.0 2457910.53025 0.0 4.0 0.0
-0.34888086708 3551353.80536 613888.330329 1.46363636364 0.0 2457910.532 0.0 4.0 1.0
-0.346993017816 3548149.56691 613369.984732 1.46363636364 0.0 2457910.53374 0.0 4.0 0.0
-0.345104572858 3554284.5753 614488.371735 1.46363636364 0.0 2457910.53549 0.0 4.0 1.0
-0.34321653744 3550786.39581 613867.47961 1.46363636364 0.0 2457910.53724 0.0 4.0 0.0
-0.341328300773 3556374.662 614847.375744 1.46363636364 0.0 2457910.53899 0.0 4.0 1.0
-0.33944047566 3551304.8412 613993.925721 1.46363636364 0.0 2457910.54073 0.0 4.0 0.0
-0.337552050323 3554826.79345 614538.415117 1.46363636364 0.0 2457910.54248 0.0 4.0 1.0
-0.335664036539 3550961.00086 613925.382715 1.46363636364 0.0 2457910.54423 0.0 4.0 0.0
-0.333775824022 3555536.36944 614647.113605 1.46363636364 0.0 2457910.54598 0.0 4.0 1.0
-0.331888023058 3551346.96787 613977.717564 1.46363636364 0.0 2457910.54772 0.0 4.0 0.0
-0.32999962338 3557084.51835 615010.780095 1.46363636364 0.0 2457910.54947 0.0 4.0 1.0
-0.328111628212 3551921.51814 614051.415679 1.46363636364 0.0 2457910.55122 0.0 4.0 0.0
-0.326223444373 3555235.68571 614677.711056 1.46363636364 0.0 2457910.55297 0.0 4.0 1.0
-0.32433566454 3550439.14585 613817.613219 1.46363636364 0.0 2457910.55471 0.0 4.0 0.0
-0.322447283478 3554843.05627 614582.823797 1.46363636364 0.0 2457910.55646 0.0 4.0 1.0
-0.320559304913 3549827.309 613762.144381 1.46363636364 0.0 2457910.55821 0.0 4.0 0.0
-0.318671133652 3555682.84505 614738.051007 1.46363636364 0.0 2457910.55996 0.0 4.0 1.0
-0.316783157099 3549840.54324 613691.293459 1.46363636364 0.0 2457910.5617 0.0 4.0 0.0
