0.364326191757 3303974.02835 571684.170714 1.26 0.0 2457910.26656 0.0 0.0 0.0
0.366214041524 3322720.81616 575018.672739 1.26 0.0 2457910.2683 0.0 0.0 1.0
0.368102282718 3323625.37647 575185.927599 1.26 0.0 2457910.27005 0.0 0.0 0.0
0.369990519385 3331450.46162 576470.534202 1.26 0.0 2457910.2718 0.0 0.0 1.0
0.371878757561 3330333.48087 576237.766837 1.26 0.0 2457910.27355 0.0 0.0 0.0
0.373766590724 3336767.26068 577322.121793 1.26 0.0 2457910.27529 0.0 0.0 1.0
0.375654812297 3334014.03421 576906.332257 1.26 0.0 2457910.27704 0.0 0.0 0.0
0.377543033367 3340717.18688 578033.150703 1.26 0.0 2457910.27879 0.0 0.0 1.0
0.379431242362 3336062.5432 577204.967118 1.26 0.0 2457910.28054 0.0 0.0 0.0
0.381319050873 3342221.81216 578228.455839 1.26 0.0 2457910.28228 0.0 0.0 1.0
0.383207248296 3338510.71461 577591.25655 1.26 0.0 2457910.28403 0.0 0.0 0.0
0.385095444713 3343468.78142 578403.771604 1.26 0.0 2457910.28578 0.0 0.0 1.0
0.386983630564 3339331.32495 577710.26182 1.26 0.0 2457910.28753 0.0 0.0 0.0
0.388871416937 3344982.40961 578681.888867 1.26 0.0 2457910.28927 0.0 0.0 1.0
0.39075959977 3341937.63183 578147.144554 1.26 0.0 2457910.29102 0.0 0.0 0.0
0.392647774552 3345136.51141 578664.487576 1.26 0.0 2457910.29277 0.0 0.0 1.0
0.394535946316 3340563.85782 577981.420202 1.26 0.0 2457910.29452 0.0 0.0 0.0
0.396423723131 3344176.73423 578530.61411 1.26 0.0 2457910.29626 0.0 0.0 1.0
0.434511313633 3333859.927 576573.223592 1.26 0.0 2457910.33152 0.0 1.0 0.0
0.436399558852 3341136.0057 577918.702829 1.26 0.0 2457910.33326 0.0 1.0 1.0
0.438287407613 3338534.10037 577591.382838 1.26 0.0 2457910.33501 0.0 1.0 0.0
0.440175652832 3344961.35712 578626.895861 1.26 0.0 2457910.33676 0.0 1.0 1.0
0.442063888996 3339661.58062 577755.076281 1.26 0.0 2457910.33851 0.0 1.0 0.0
0.443952125662 3344668.62669 578586.663551 1.26 0.0 2457910.34025 0.0 1.0 1.0
0.445839951279 3340072.75134 577787.457627 1.26 0.0 2457910.342 0.0 1.0 0.0
0.447728176877 3343120.53355 578307.607651 1.26 0.0 2457910.34375 0.0 1.0 1.0
0.449616390903 3341487.05905 578086.60684 1.26 0.0 2457910.3455 0.0 1.0 0.0
0.451504603923 3345015.7878 578582.54831 1.26 0.0 2457910.34724 0.0 1.0 1.0
0.453392404887 3341319.0021 578006.301851 1.26 0.0 2457910.34899 0.0 1.0 0.0
0.455280605329 3344587.45361 578620.412586 1.26 0.0 2457910.35074 0.0 1.0 1.0
0.457168800236 3340698.96609 577901.217541 1.26 0.0 2457910.35249 0.0 1.0 0.0
0.459056984578 3345160.92374 578692.359463 1.26 0.0 2457910.35423 0.0 1.0 1.0
0.460944764914 3341782.05157 578096.082179 1.26 0.0 2457910.35598 0.0 1.0 0.0
0.46283294674 3344320.65401 578472.036718 1.26 0.0 2457910.35773 0.0 1.0 1.0
0.464721125548 3342314.29106 578175.637093 1.26 0.0 2457910.35948 0.0 1.0 0.0
0.466609297312 3345581.97305 578666.847524 1.26 0.0 2457910.36122 0.0 1.0 1.0
0.468497074126 3343630.86035 578414.486588 1.26 0.0 2457910.36297 0.0 1.0 0.0
-0.493915491322 3333916.79045 576490.904222 1.26 0.0 2457910.39776 0.0 2.0 0.0
-0.492027246102 3336713.26863 577124.542509 1.26 0.0 2457910.39951 0.0 2.0 1.0
-0.490139397845 3326277.49895 575489.024708 1.26 0.0 2457910.40126 0.0 2.0 0.0
-0.488251152122 3324100.53417 575126.785028 1.26 0.0 2457910.403 0.0 2.0 1.0
-0.486362916462 3310880.30646 572888.023372 1.26 0.0 2457910.40475 0.0 2.0 0.0
-0.484474680298 3305297.36062 571961.981116 1.26 0.0 2457910.4065 0.0 2.0 1.0
-0.48258665444 3292055.95972 569695.089506 1.26 0.0 2457910.40825 0.0 2.0 0.0
-0.480698628581 3287016.59718 568889.342459 1.26 0.0 2457910.40999 0.0 2.0 1.0
-0.478810415058 3278132.42316 567383.529596 1.26 0.0 2457910.41174 0.0 2.0 0.0
-0.476922202541 3279280.43401 567576.917824 1.26 0.0 2457910.41349 0.0 2.0 1.0
-0.475034401074 3273190.41381 566544.564239 1.26 0.0 2457910.41524 0.0 2.0 0.0
-0.473146200632 3274934.03421 566807.935877 1.26 0.0 2457910.41698 0.0 2.0 1.0
-0.471258005725 3268790.69721 565784.337458 1.26 0.0 2457910.41873 0.0 2.0 0.0
-0.469369821383 3274401.87328 566806.002207 1.26 0.0 2457910.42048 0.0 2.0 1.0
-0.467482041047 3269654.15334 565956.536362 1.26 0.0 2457910.42223 0.0 2.0 0.0
-0.465593859724 3272052.57224 566434.491955 1.26 0.0 2457910.42397 0.0 2.0 1.0
-0.463705680916 3266545.82777 565492.631009 1.26 0.0 2457910.42572 0.0 2.0 0.0
-0.461817509152 3270477.23389 566110.905397 1.26 0.0 2457910.42747 0.0 2.0 1.0
-0.459929732841 3265839.78682 565360.722789 1.26 0.0 2457910.42922 0.0 2.0 0.0
-0.422342300301 3256320.35037 563513.780449 1.26 0.0 2457910.46401 0.0 3.0 0.0
-0.420454055082 3262566.67562 564705.610435 1.26 0.0 2457910.46575 0.0 3.0 1.0
-0.418566206321 3260443.0561 564408.628673 1.26 0.0 2457910.4675 0.0 3.0 0.0
-0.416677961102 3265491.60848 565210.016513 1.26 0.0 2457910.46925 0.0 3.0 1.0
-0.414789724938 3260437.9869 564371.626171 1.26 0.0 2457910.471 0.0 3.0 0.0
-0.412901488775 3266019.12819 565354.029195 1.26 0.0 2457910.47274 0.0 3.0 1.0
-0.411013662655 3262653.63486 564711.516022 1.26 0.0 2457910.47449 0.0 3.0 0.0
-0.40912543756 3268291.09528 565706.672613 1.26 0.0 2457910.47624 0.0 3.0 1.0
-0.407237224037 3264868.28949 565148.992486 1.26 0.0 2457910.47799 0.0 3.0 0.0
-0.405349011521 3269490.28608 565901.136354 1.26 0.0 2457910.47973 0.0 3.0 1.0
-0.403461210054 3266833.17405 565414.994232 1.26 0.0 2457910.48148 0.0 3.0 0.0
-0.401573009612 3271439.62112 566277.540037 1.26 0.0 2457910.48323 0.0 3.0 1.0
-0.399684815711 3268767.51776 565838.340539 1.26 0.0 2457910.48498 0.0 3.0 0.0
-0.397796630866 3271850.02704 566330.098777 1.26 0.0 2457910.48672 0.0 3.0 1.0
-0.395908851536 3268758.65669 565796.698767 1.26 0.0 2457910.48847 0.0 3.0 0.0
-0.394020669709 3273047.48169 566492.848056 1.26 0.0 2457910.49022 0.0 3.0 1.0
-0.392132491405 3271297.59719 566179.404499 1.26 0.0 2457910.49197 0.0 3.0 0.0
-0.390244319641 3276887.23166 567150.114728 1.26 0.0 2457910.49371 0.0 3.0 1.0
-0.38835654333 3273847.43686 566665.425068 1.26 0.0 2457910.49546 0.0 3.0 0.0
-0.3507691123 3332420.18965 576266.264557 1.26 0.0 2457910.53025 0.0 4.0 0.0
-0.34888086708 3339961.33646 577754.435222 1.26 0.0 2457910.532 0.0 4.0 1.0
-0.346993017816 3336090.28386 577068.164824 1.26 0.0 2457910.53374 0.0 4.0 0.0
-0.345104572858 3341666.59824 578000.465246 1.26 0.0 2457910.53549 0.0 4.0 1.0
-0.34321653744 3337498.1853 577374.12605 1.26 0.0 2457910.53724 0.0 4.0 0.0
-0.341328300773 3342067.42148 578090.481057 1.26 0.0 2457910.53899 0.0 4.0 1.0
-0.33944047566 3338823.81565 577596.747923 1.26 0.0 2457910.54073 0.0 4.0 0.0
-0.337552050323 3342413.05062 578138.760071 1.26 0.0 2457910.54248 0.0 4.0 1.0
-0.335664036539 3339470.06106 577699.375502 1.26 0.0 2457910.54423 0.0 4.0 0.0
-0.333775824022 3343036.97479 578282.882591 1.26 0.0 2457910.54598 0.0 4.0 1.0
-0.331888023058 3337902.3478 577392.233062 1.26 0.0 2457910.54772 0.0 4.0 0.0
-0.32999962338 3343133.9192 578335.903376 1.26 0.0 2457910.54947 0.0 4.0 1.0
-0.328111628212 3338518.26449 577557.44913 1.26 0.0 2457910.55122 0.0 4.0 0.0
-0.326223444373 3343526.19304 578378.58162 1.26 0.0 2457910.55297 0.0 4.0 1.0
-0.32433566454 3339761.90242 577791.305954 1.26 0.0 2457910.55471 0.0 4.0 0.0
-0.322447283478 3343015.8478 578258.514118 1.26 0.0 2457910.55646 0.0 4.0 1.0
-0.320559304913 3339967.29544 577825.781991 1.26 0.0 2457910.55821 0.0 4.0 0.0
-0.318671133652 3343581.38695 578360.226322 1.26 0.0 2457910.55996 0.0 4.0 1.0
-0.316783157099 3339012.15857 577599.05096 1.26 0.0 2457910.5617 0.0 4.0 0.0
