0.364326191757 2931643.37846 508623.145299 1.64181818182 0.0 2457910.26656 0.0 0.0 0.0
0.366214041524 2947041.83482 511380.870907 1.64181818182 0.0 2457910.2683 0.0 0.0 1.0
0.368102282718 2949502.52732 511814.705389 1.64181818182 0.0 2457910.27005 0.0 0.0 0.0
0.369990519385 2958876.55436 513347.808754 1.64181818182 0.0 2457910.2718 0.0 0.0 1.0
0.371878757561 2955896.29623 512843.549363 1.64181818182 0.0 2457910.27355 0.0 0.0 0.0
0.373766590724 2962076.98964 513903.699925 1.64181818182 0.0 2457910.27529 0.0 0.0 1.0
0.375654812297 2959702.64407 513449.262977 1.64181818182 0.0 2457910.27704 0.0 0.0 0.0
0.377543033367 2965499.22781 514482.046233 1.64181818182 0.0 2457910.27879 0.0 0.0 1.0
0.379431242362 2962103.33139 513830.790336 1.64181818182 0.0 2457910.28054 0.0 0.0 0.0
0.381319050873 2967813.29404 514852.496888 1.64181818182 0.0 2457910.28228 0.0 0.0 1.0
0.383207248296 2965580.97941 514361.158954 1.64181818182 0.0 2457910.28403 0.0 0.0 0.0
0.385095444713 2969584.78165 515128.366798 1.64181818182 0.0 2457910.28578 0.0 0.0 1.0
0.386983630564 2966044.4278 514508.655921 1.64181818182 0.0 2457910.28753 0.0 0.0 0.0
0.388871416937 2969889.0232 515103.750955 1.64181818182 0.0 2457910.28927 0.0 0.0 1.0
0.39075959977 2967213.59714 514648.223548 1.64181818182 0.0 2457910.29102 0.0 0.0 0.0
0.392647774552 2971091.62326 515382.923967 1.64181818182 0.0 2457910.29277 0.0 0.0 1.0
0.394535946316 2967780.63499 514721.232557 1.64181818182 0.0 2457910.29452 0.0 0.0 0.0
0.396423723131 2971451.18247 515477.587614 1.64181818182 0.0 2457910.29626 0.0 0.0 1.0
0.434511313633 2959966.70786 513223.977581 1.64181818182 0.0 2457910.33152 0.0 1.0 0.0
0.436399558852 2967804.48334 514753.636026 1.64181818182 0.0 2457910.33326 0.0 1.0 1.0
0.438287407613 2964137.37645 514164.358978 1.64181818182 0.0 2457910.33501 0.0 1.0 0.0
0.440175652832 2969826.87721 515143.194661 1.64181818182 0.0 2457910.33676 0.0 1.0 1.0
0.442063888996 2965023.88898 514296.601417 1.64181818182 0.0 2457910.33851 0.0 1.0 0.0
0.443952125662 2971029.30801 515307.701845 1.64181818182 0.0 2457910.34025 0.0 1.0 1.0
0.445839951279 2968213.07243 514804.082356 1.64181818182 0.0 2457910.342 0.0 1.0 0.0
0.447728176877 2970606.50788 515230.555928 1.64181818182 0.0 2457910.34375 0.0 1.0 1.0
0.449616390903 2967257.28371 514642.19362 1.64181818182 0.0 2457910.3455 0.0 1.0 0.0
0.451504603923 2971519.65193 515363.486163 1.64181818182 0.0 2457910.34724 0.0 1.0 1.0
0.453392404887 2967752.35326 514717.184926 1.64181818182 0.0 2457910.34899 0.0 1.0 0.0
0.455280605329 2973016.29829 515651.36715 1.64181818182 0.0 2457910.35074 0.0 1.0 1.0
0.457168800236 2967048.43541 514615.193722 1.64181818182 0.0 2457910.35249 0.0 1.0 0.0
0.459056984578 2973145.98085 515643.527115 1.64181818182 0.0 2457910.35423 0.0 1.0 1.0
0.460944764914 2968776.88265 514814.29316 1.64181818182 0.0 2457910.35598 0.0 1.0 0.0
0.46283294674 2972762.13944 515578.026273 1.64181818182 0.0 2457910.35773 0.0 1.0 1.0
0.464721125548 2969137.33507 514870.473546 1.64181818182 0.0 2457910.35948 0.0 1.0 0.0
0.466609297312 2972271.73183 515448.230228 1.64181818182 0.0 2457910.36122 0.0 1.0 1.0
0.468497074126 2969551.60816 515043.303693 1.64181818182 0.0 2457910.36297 0.0 1.0 0.0
-0.493915491322 2961307.12621 513374.831701 1.64181818182 0.0 2457910.39776 0.0 2.0 0.0
-0.492027246102 2963917.33333 514050.699576 1.64181818182 0.0 2457910.39951 0.0 2.0 1.0
-0.490139397845 2954583.85805 512471.343921 1.64181818182 0.0 2457910.40126 0.0 2.0 0.0
-0.488251152122 2951230.33358 511981.221591 1.64181818182 0.0 2457910.403 0.0 2.0 1.0
-0.486362916462 2939666.0419 510000.17261 1.64181818182 0.0 2457910.40475 0.0 2.0 0.0
-0.484474680298 2936890.72957 509593.102968 1.64181818182 0.0 2457910.4065 0.0 2.0 1.0
-0.48258665444 2922163.63782 507093.866931 1.64181818182 0.0 2457910.40825 0.0 2.0 0.0
-0.480698628581 2919822.13268 506575.213335 1.64181818182 0.0 2457910.40999 0.0 2.0 1.0
-0.478810415058 2910629.194 505087.294735 1.64181818182 0.0 2457910.41174 0.0 2.0 0.0
-0.476922202541 2911493.40842 505256.293691 1.64181818182 0.0 2457910.41349 0.0 2.0 1.0
-0.475034401074 2907375.35081 504570.962219 1.64181818182 0.0 2457910.41524 0.0 2.0 0.0
-0.473146200632 2909758.23866 504933.819123 1.64181818182 0.0 2457910.41698 0.0 2.0 1.0
-0.471258005725 2906657.54751 504391.703227 1.64181818182 0.0 2457910.41873 0.0 2.0 0.0
-0.469369821383 2907039.69842 504595.062837 1.64181818182 0.0 2457910.42048 0.0 2.0 1.0
-0.467482041047 2905537.47426 504178.390357 1.64181818182 0.0 2457910.42223 0.0 2.0 0.0
-0.465593859724 2906863.67815 504515.7116 1.64181818182 0.0 2457910.42397 0.0 2.0 1.0
-0.463705680916 2905303.75362 504172.515751 1.64181818182 0.0 2457910.42572 0.0 2.0 0.0
-0.461817509152 2908768.91688 504873.992253 1.64181818182 0.0 2457910.42747 0.0 2.0 1.0
-0.459929732841 2902826.73096 503735.262358 1.64181818182 0.0 2457910.42922 0.0 2.0 0.0
-0.422342300301 2893059.09654 501937.919293 1.64181818182 0.0 2457910.46401 0.0 3.0 0.0
-0.420454055082 2898222.32938 503062.192456 1.64181818182 0.0 2457910.46575 0.0 3.0 1.0
-0.418566206321 2897914.19302 502937.354266 1.64181818182 0.0 2457910.4675 0.0 3.0 0.0
-0.416677961102 2900899.22272 503495.634271 1.64181818182 0.0 2457910.46925 0.0 3.0 1.0
-0.414789724938 2896177.79541 502693.999439 1.64181818182 0.0 2457910.471 0.0 3.0 0.0
-0.412901488775 2901307.75498 503602.292948 1.64181818182 0.0 2457910.47274 0.0 3.0 1.0
-0.411013662655 2899336.04008 503195.781727 1.64181818182 0.0 2457910.47449 0.0 3.0 0.0
-0.40912543756 2901821.48956 503620.777808 1.64181818182 0.0 2457910.47624 0.0 3.0 1.0
-0.407237224037 2900481.70888 503480.455868 1.64181818182 0.0 2457910.47799 0.0 3.0 0.0
-0.405349011521 2905226.70853 504220.632377 1.64181818182 0.0 2457910.47973 0.0 3.0 1.0
-0.403461210054 2903453.75221 503874.988245 1.64181818182 0.0 2457910.48148 0.0 3.0 0.0
-0.401573009612 2907139.12635 504556.059525 1.64181818182 0.0 2457910.48323 0.0 3.0 1.0
-0.399684815711 2906305.59642 504389.415998 1.64181818182 0.0 2457910.48498 0.0 3.0 0.0
-0.397796630866 2908508.63403 504748.402524 1.64181818182 0.0 2457910.48672 0.0 3.0 1.0
-0.395908851536 2905253.77111 504222.792406 1.64181818182 0.0 2457910.48847 0.0 3.0 0.0
-0.394020669709 2908028.09262 504672.60038 1.64181818182 0.0 2457910.49022 0.0 3.0 1.0
-0.392132491405 2904484.5342 504072.083988 1.64181818182 0.0 2457910.49197 0.0 3.0 0.0
-0.390244319641 2909579.41595 504951.92796 1.64181818182 0.0 2457910.49371 0.0 3.0 1.0
-0.38835654333 2907978.75771 504676.219555 1.64181818182 0.0 2457910.49546 0.0 3.0 0.0
-0.3507691123 2958342.12944 512942.082945 1.64181818182 0.0 2457910.53025 0.0 4.0 0.0
-0.34888086708 2965679.10284 514352.133635 1.64181818182 0.0 2457910.532 0.0 4.0 1.0
-0.346993017816 2963057.56373 513910.048015 1.64181818182 0.0 2457910.53374 0.0 4.0 0.0
-0.345104572858 2967170.81212 514657.772189 1.64181818182 0.0 2457910.53549 0.0 4.0 1.0
-0.34321653744 2962984.8743 513940.748534 1.64181818182 0.0 2457910.53724 0.0 4.0 0.0
-0.341328300773 2967406.25697 514733.326828 1.64181818182 0.0 2457910.53899 0.0 4.0 1.0
-0.33944047566 2964266.07734 514138.853257 1.64181818182 0.0 2457910.54073 0.0 4.0 0.0
-0.337552050323 2968277.15443 514850.870644 1.64181818182 0.0 2457910.54248 0.0 4.0 1.0
-0.335664036539 2964924.58452 514220.263567 1.64181818182 0.0 2457910.54423 0.0 4.0 0.0
-0.333775824022 2967301.79353 514644.867894 1.64181818182 0.0 2457910.54598 0.0 4.0 1.0
-0.331888023058 2966531.82055 514425.120269 1.64181818182 0.0 2457910.54772 0.0 4.0 0.0
-0.32999962338 2970113.26358 515155.822808 1.64181818182 0.0 2457910.54947 0.0 4.0 1.0
-0.328111628212 2965988.79585 514404.495084 1.64181818182 0.0 2457910.55122 0.0 4.0 0.0
-0.326223444373 2970950.66471 515270.425488 1.64181818182 0.0 2457910.55297 0.0 4.0 1.0
-0.32433566454 2965259.03227 514277.698948 1.64181818182 0.0 2457910.55471 0.0 4.0 0.0
-0.322447283478 2969113.52059 514985.848124 1.64181818182 0.0 2457910.55646 0.0 4.0 1.0
-0.320559304913 2967871.76863 514761.531785 1.64181818182 0.0 2457910.55821 0.0 4.0 0.0
-0.318671133652 2970782.91489 515289.089776 1.64181818182 0.0 2457910.55996 0.0 4.0 1.0
-0.316783157099 2965973.8691 514425.910686 1.64181818182 0.0 2457910.5617 0.0 4.0 0.0
