0.364326191757 3117374.92807 539909.38047 1.20909090909 0.0 2457910.26656 0.0 0.0 0.0
0.366214041524 3131785.64226 542489.433928 1.20909090909 0.0 2457910.2683 0.0 0.0 1.0
0.368102282718 3133342.15209 542770.882916 1.20909090909 0.0 2457910.27005 0.0 0.0 0.0
0.369990519385 3142110.50633 544163.39906 1.20909090909 0.0 2457910.2718 0.0 0.0 1.0
0.371878757561 3139809.05872 543834.807775 1.20909090909 0.0 2457910.27355 0.0 0.0 0.0
0.373766590724 3145109.97502 544658.586582 1.20909090909 0.0 2457910.27529 0.0 0.0 1.0
0.375654812297 3143211.99237 544374.834881 1.20909090909 0.0 2457910.27704 0.0 0.0 0.0
0.377543033367 3150577.07101 545627.195916 1.20909090909 0.0 2457910.27879 0.0 0.0 1.0
0.379431242362 3145886.91107 544842.845778 1.20909090909 0.0 2457910.28054 0.0 0.0 0.0
0.381319050873 3150541.82883 545504.082789 1.20909090909 0.0 2457910.28228 0.0 0.0 1.0
0.383207248296 3147339.87947 545069.904672 1.20909090909 0.0 2457910.28403 0.0 0.0 0.0
0.385095444713 3150883.8821 545622.328902 1.20909090909 0.0 2457910.28578 0.0 0.0 1.0
0.386983630564 3148921.65194 545299.341683 1.20909090909 0.0 2457910.28753 0.0 0.0 0.0
0.388871416937 3152639.43224 545888.93001 1.20909090909 0.0 2457910.28927 0.0 0.0 1.0
0.39075959977 3149086.24178 545268.419086 1.20909090909 0.0 2457910.29102 0.0 0.0 0.0
0.392647774552 3153488.5042 545991.373092 1.20909090909 0.0 2457910.29277 0.0 0.0 1.0
0.394535946316 3151077.54544 545644.230869 1.20909090909 0.0 2457910.29452 0.0 0.0 0.0
0.396423723131 3154738.07148 546201.9561 1.20909090909 0.0 2457910.29626 0.0 0.0 1.0
0.434511313633 3142496.65915 544005.678064 1.20909090909 0.0 2457910.33152 0.0 1.0 0.0
0.436399558852 3151664.6654 545653.010773 1.20909090909 0.0 2457910.33326 0.0 1.0 1.0
0.438287407613 3147611.93506 545002.231133 1.20909090909 0.0 2457910.33501 0.0 1.0 0.0
0.440175652832 3152703.19691 545895.326707 1.20909090909 0.0 2457910.33676 0.0 1.0 1.0
0.442063888996 3147638.01972 545019.331675 1.20909090909 0.0 2457910.33851 0.0 1.0 0.0
0.443952125662 3154302.45664 546089.661345 1.20909090909 0.0 2457910.34025 0.0 1.0 1.0
0.445839951279 3150465.1854 545531.174265 1.20909090909 0.0 2457910.342 0.0 1.0 0.0
0.447728176877 3153959.00088 546067.07512 1.20909090909 0.0 2457910.34375 0.0 1.0 1.0
0.449616390903 3150045.07351 545429.76536 1.20909090909 0.0 2457910.3455 0.0 1.0 0.0
0.451504603923 3154771.08322 546246.369389 1.20909090909 0.0 2457910.34724 0.0 1.0 1.0
0.453392404887 3151257.34852 545614.185201 1.20909090909 0.0 2457910.34899 0.0 1.0 0.0
0.455280605329 3155094.53363 546300.223224 1.20909090909 0.0 2457910.35074 0.0 1.0 1.0
0.457168800236 3149994.39656 545374.975817 1.20909090909 0.0 2457910.35249 0.0 1.0 0.0
0.459056984578 3155295.65642 546318.933609 1.20909090909 0.0 2457910.35423 0.0 1.0 1.0
0.460944764914 3151063.23786 545573.102449 1.20909090909 0.0 2457910.35598 0.0 1.0 0.0
0.46283294674 3153259.59446 545967.984906 1.20909090909 0.0 2457910.35773 0.0 1.0 1.0
0.464721125548 3150780.8524 545539.120673 1.20909090909 0.0 2457910.35948 0.0 1.0 0.0
0.466609297312 3154282.09398 546140.221775 1.20909090909 0.0 2457910.36122 0.0 1.0 1.0
0.468497074126 3151357.3365 545641.927333 1.20909090909 0.0 2457910.36297 0.0 1.0 0.0
-0.493915491322 3144046.11753 544122.500336 1.20909090909 0.0 2457910.39776 0.0 2.0 0.0
-0.492027246102 3145882.7621 544680.099269 1.20909090909 0.0 2457910.39951 0.0 2.0 1.0
-0.490139397845 3139092.83794 543565.115174 1.20909090909 0.0 2457910.40126 0.0 2.0 0.0
-0.488251152122 3134545.47862 542763.465959 1.20909090909 0.0 2457910.403 0.0 2.0 1.0
-0.486362916462 3123078.92665 540886.194844 1.20909090909 0.0 2457910.40475 0.0 2.0 0.0
-0.484474680298 3119413.63446 540310.53696 1.20909090909 0.0 2457910.4065 0.0 2.0 1.0
-0.48258665444 3104498.18347 537765.544663 1.20909090909 0.0 2457910.40825 0.0 2.0 0.0
-0.480698628581 3100633.14583 537113.880002 1.20909090909 0.0 2457910.40999 0.0 2.0 1.0
-0.478810415058 3090824.65466 535456.487799 1.20909090909 0.0 2457910.41174 0.0 2.0 0.0
-0.476922202541 3091624.89606 535552.692037 1.20909090909 0.0 2457910.41349 0.0 2.0 1.0
-0.475034401074 3087485.22257 534970.337212 1.20909090909 0.0 2457910.41524 0.0 2.0 0.0
-0.473146200632 3088938.73736 535150.198069 1.20909090909 0.0 2457910.41698 0.0 2.0 1.0
-0.471258005725 3084832.23567 534469.465496 1.20909090909 0.0 2457910.41873 0.0 2.0 0.0
-0.469369821383 3087765.27293 535000.967095 1.20909090909 0.0 2457910.42048 0.0 2.0 1.0
-0.467482041047 3082513.47856 534081.997009 1.20909090909 0.0 2457910.42223 0.0 2.0 0.0
-0.465593859724 3084444.77946 534399.540605 1.20909090909 0.0 2457910.42397 0.0 2.0 1.0
-0.463705680916 3081207.70618 533822.652894 1.20909090909 0.0 2457910.42572 0.0 2.0 0.0
-0.461817509152 3083431.53196 534229.146247 1.20909090909 0.0 2457910.42747 0.0 2.0 1.0
-0.459929732841 3080767.36011 533688.341138 1.20909090909 0.0 2457910.42922 0.0 2.0 0.0
-0.422342300301 3069117.59428 531568.37432 1.20909090909 0.0 2457910.46401 0.0 3.0 0.0
-0.420454055082 3076054.62364 532945.857719 1.20909090909 0.0 2457910.46575 0.0 3.0 1.0
-0.418566206321 3075893.92935 532968.486307 1.20909090909 0.0 2457910.4675 0.0 3.0 0.0
-0.416677961102 3078277.05484 533342.916222 1.20909090909 0.0 2457910.46925 0.0 3.0 1.0
-0.414789724938 3075205.78793 532848.037204 1.20909090909 0.0 2457910.471 0.0 3.0 0.0
-0.412901488775 3080034.45378 533669.747233 1.20909090909 0.0 2457910.47274 0.0 3.0 1.0
-0.411013662655 3076484.17631 533016.297204 1.20909090909 0.0 2457910.47449 0.0 3.0 0.0
-0.40912543756 3082559.9439 534055.226579 1.20909090909 0.0 2457910.47624 0.0 3.0 1.0
-0.407237224037 3079066.72136 533544.861588 1.20909090909 0.0 2457910.47799 0.0 3.0 0.0
-0.405349011521 3082165.41276 533955.868426 1.20909090909 0.0 2457910.47973 0.0 3.0 1.0
-0.403461210054 3080367.62756 533673.437855 1.20909090909 0.0 2457910.48148 0.0 3.0 0.0
-0.401573009612 3084517.29385 534390.924613 1.20909090909 0.0 2457910.48323 0.0 3.0 1.0
-0.399684815711 3081633.32343 533864.542485 1.20909090909 0.0 2457910.48498 0.0 3.0 0.0
-0.397796630866 3084622.27683 534397.45041 1.20909090909 0.0 2457910.48672 0.0 3.0 1.0
-0.395908851536 3083130.86682 534203.56769 1.20909090909 0.0 2457910.48847 0.0 3.0 0.0
-0.394020669709 3087004.61726 534805.219556 1.20909090909 0.0 2457910.49022 0.0 3.0 1.0
-0.392132491405 3085252.14883 534521.884559 1.20909090909 0.0 2457910.49197 0.0 3.0 0.0
-0.390244319641 3089334.26068 535149.659936 1.20909090909 0.0 2457910.49371 0.0 3.0 1.0
-0.38835654333 3087313.32917 534821.122348 1.20909090909 0.0 2457910.49546 0.0 3.0 0.0
-0.3507691123 3143998.15748 544145.787509 1.20909090909 0.0 2457910.53025 0.0 4.0 0.0
-0.34888086708 3150341.83158 545440.170447 1.20909090909 0.0 2457910.532 0.0 4.0 1.0
-0.346993017816 3146833.52027 544819.446536 1.20909090909 0.0 2457910.53374 0.0 4.0 0.0
-0.345104572858 3151073.37041 545550.972734 1.20909090909 0.0 2457910.53549 0.0 4.0 1.0
-0.34321653744 3147862.19249 545101.167518 1.20909090909 0.0 2457910.53724 0.0 4.0 0.0
-0.341328300773 3153130.05876 545933.702573 1.20909090909 0.0 2457910.53899 0.0 4.0 1.0
-0.33944047566 3148354.75458 545154.243133 1.20909090909 0.0 2457910.54073 0.0 4.0 0.0
-0.337552050323 3151702.5506 545661.288358 1.20909090909 0.0 2457910.54248 0.0 4.0 1.0
-0.335664036539 3148781.19791 545221.070251 1.20909090909 0.0 2457910.54423 0.0 4.0 0.0
-0.333775824022 3151531.81946 545640.344708 1.20909090909 0.0 2457910.54598 0.0 4.0 1.0
-0.331888023058 3149206.09224 545264.127866 1.20909090909 0.0 2457910.54772 0.0 4.0 0.0
-0.32999962338 3152921.1964 545929.370836 1.20909090909 0.0 2457910.54947 0.0 4.0 1.0
-0.328111628212 3148702.24983 545223.009699 1.20909090909 0.0 2457910.55122 0.0 4.0 0.0
-0.326223444373 3152661.32591 545831.717596 1.20909090909 0.0 2457910.55297 0.0 4.0 1.0
-0.32433566454 3149393.60665 545322.682553 1.20909090909 0.0 2457910.55471 0.0 4.0 0.0
-0.322447283478 3151732.75552 545686.296356 1.20909090909 0.0 2457910.55646 0.0 4.0 1.0
-0.320559304913 3150467.33478 545527.054181 1.20909090909 0.0 2457910.55821 0.0 4.0 0.0
-0.318671133652 3151500.2897 545649.703208 1.20909090909 0.0 2457910.55996 0.0 4.0 1.0
-0.316783157099 3149079.08858 545220.879197 1.20909090909 0.0 2457910.5617 0.0 4.0 0.0
