0.364326191757 3543472.73833 612596.798946 1.41272727273 0.0 2457910.26656 0.0 0.0 0.0
0.366214041524 3562199.8976 615963.841836 1.41272727273 0.0 2457910.2683 0.0 0.0 1.0
0.368102282718 3562458.95714 615958.343207 1.41272727273 0.0 2457910.27005 0.0 0.0 0.0
0.369990519385 3573417.69598 617824.223486 1.41272727273 0.0 2457910.2718 0.0 0.0 1.0
0.371878757561 3569444.19345 617117.343099 1.41272727273 0.0 2457910.27355 0.0 0.0 0.0
0.373766590724 3578296.91597 618648.932467 1.41272727273 0.0 2457910.27529 0.0 0.0 1.0
0.375654812297 3575615.11692 618156.850584 1.41272727273 0.0 2457910.27704 0.0 0.0 0.0
0.377543033367 3580454.35945 618963.947831 1.41272727273 0.0 2457910.27879 0.0 0.0 1.0
0.379431242362 3577978.80711 618579.273116 1.41272727273 0.0 2457910.28054 0.0 0.0 0.0
0.381319050873 3582643.69494 619320.106187 1.41272727273 0.0 2457910.28228 0.0 0.0 1.0
0.383207248296 3578507.66054 618609.07893 1.41272727273 0.0 2457910.28403 0.0 0.0 0.0
0.385095444713 3584640.53674 619645.321331 1.41272727273 0.0 2457910.28578 0.0 0.0 1.0
0.386983630564 3580562.79717 618969.644934 1.41272727273 0.0 2457910.28753 0.0 0.0 0.0
0.388871416937 3586702.47713 619955.513676 1.41272727273 0.0 2457910.28927 0.0 0.0 1.0
0.39075959977 3581873.54932 619128.391824 1.41272727273 0.0 2457910.29102 0.0 0.0 0.0
0.392647774552 3586676.09068 619946.149041 1.41272727273 0.0 2457910.29277 0.0 0.0 1.0
0.394535946316 3581007.12262 619015.384882 1.41272727273 0.0 2457910.29452 0.0 0.0 0.0
0.396423723131 3586975.02982 620029.407842 1.41272727273 0.0 2457910.29626 0.0 0.0 1.0
0.434511313633 3573363.96795 617421.092974 1.41272727273 0.0 2457910.33152 0.0 1.0 0.0
0.436399558852 3583733.27013 619369.888517 1.41272727273 0.0 2457910.33326 0.0 1.0 1.0
0.438287407613 3578063.35599 618503.615794 1.41272727273 0.0 2457910.33501 0.0 1.0 0.0
0.440175652832 3584737.59887 619594.614964 1.41272727273 0.0 2457910.33676 0.0 1.0 1.0
0.442063888996 3580738.19532 618966.250386 1.41272727273 0.0 2457910.33851 0.0 1.0 0.0
0.443952125662 3584810.27414 619653.679999 1.41272727273 0.0 2457910.34025 0.0 1.0 1.0
0.445839951279 3581840.68385 619140.857873 1.41272727273 0.0 2457910.342 0.0 1.0 0.0
0.447728176877 3587288.21904 620051.103138 1.41272727273 0.0 2457910.34375 0.0 1.0 1.0
0.449616390903 3582588.69113 619270.398557 1.41272727273 0.0 2457910.3455 0.0 1.0 0.0
0.451504603923 3587817.49893 620145.150275 1.41272727273 0.0 2457910.34724 0.0 1.0 1.0
0.453392404887 3583449.71695 619397.158059 1.41272727273 0.0 2457910.34899 0.0 1.0 0.0
0.455280605329 3586735.43439 619963.904325 1.41272727273 0.0 2457910.35074 0.0 1.0 1.0
0.457168800236 3581869.65578 619094.918379 1.41272727273 0.0 2457910.35249 0.0 1.0 0.0
0.459056984578 3586029.21425 619831.63503 1.41272727273 0.0 2457910.35423 0.0 1.0 1.0
0.460944764914 3582168.20528 619160.23847 1.41272727273 0.0 2457910.35598 0.0 1.0 0.0
0.46283294674 3586762.81932 619896.198925 1.41272727273 0.0 2457910.35773 0.0 1.0 1.0
0.464721125548 3584298.29578 619510.979268 1.41272727273 0.0 2457910.35948 0.0 1.0 0.0
0.466609297312 3587693.86462 620073.247749 1.41272727273 0.0 2457910.36122 0.0 1.0 1.0
0.468497074126 3583893.88919 619430.898546 1.41272727273 0.0 2457910.36297 0.0 1.0 0.0
-0.493915491322 3572816.31353 617319.395819 1.41272727273 0.0 2457910.39776 0.0 2.0 0.0
-0.492027246102 3577407.42612 618258.690251 1.41272727273 0.0 2457910.39951 0.0 2.0 1.0
-0.490139397845 3567126.33112 616596.735761 1.41272727273 0.0 2457910.40126 0.0 2.0 0.0
-0.488251152122 3563153.32719 615963.397619 1.41272727273 0.0 2457910.403 0.0 2.0 1.0
-0.486362916462 3549754.71356 613700.34205 1.41272727273 0.0 2457910.40475 0.0 2.0 0.0
-0.484474680298 3544940.80795 612933.13786 1.41272727273 0.0 2457910.4065 0.0 2.0 1.0
-0.48258665444 3529177.20582 610244.443218 1.41272727273 0.0 2457910.40825 0.0 2.0 0.0
-0.480698628581 3524920.16548 609554.211838 1.41272727273 0.0 2457910.40999 0.0 2.0 1.0
-0.478810415058 3511977.0029 607382.476942 1.41272727273 0.0 2457910.41174 0.0 2.0 0.0
-0.476922202541 3514718.9648 607849.9108 1.41272727273 0.0 2457910.41349 0.0 2.0 1.0
-0.475034401074 3510657.42075 607172.926134 1.41272727273 0.0 2457910.41524 0.0 2.0 0.0
-0.473146200632 3511082.42291 607230.826808 1.41272727273 0.0 2457910.41698 0.0 2.0 1.0
-0.471258005725 3504643.19784 606072.973178 1.41272727273 0.0 2457910.41873 0.0 2.0 0.0
-0.469369821383 3509186.94838 606926.884857 1.41272727273 0.0 2457910.42048 0.0 2.0 1.0
-0.467482041047 3503603.67717 605942.658357 1.41272727273 0.0 2457910.42223 0.0 2.0 0.0
-0.465593859724 3506193.12305 606391.767634 1.41272727273 0.0 2457910.42397 0.0 2.0 1.0
-0.463705680916 3501725.3729 605651.944761 1.41272727273 0.0 2457910.42572 0.0 2.0 0.0
-0.461817509152 3504816.8136 606181.545478 1.41272727273 0.0 2457910.42747 0.0 2.0 1.0
-0.459929732841 3498686.00063 605068.471217 1.41272727273 0.0 2457910.42922 0.0 2.0 0.0
-0.422342300301 3487490.38566 602996.690663 1.41272727273 0.0 2457910.46401 0.0 3.0 0.0
-0.420454055082 3494930.03139 604467.489956 1.41272727273 0.0 2457910.46575 0.0 3.0 1.0
-0.418566206321 3494839.79853 604426.698503 1.41272727273 0.0 2457910.4675 0.0 3.0 0.0
-0.416677961102 3499439.16785 605298.354378 1.41272727273 0.0 2457910.46925 0.0 3.0 1.0
-0.414789724938 3495449.86736 604633.77476 1.41272727273 0.0 2457910.471 0.0 3.0 0.0
-0.412901488775 3499951.1862 605374.79837 1.41272727273 0.0 2457910.47274 0.0 3.0 1.0
-0.411013662655 3497532.23892 604925.420852 1.41272727273 0.0 2457910.47449 0.0 3.0 0.0
-0.40912543756 3502268.7287 605721.590009 1.41272727273 0.0 2457910.47624 0.0 3.0 1.0
-0.407237224037 3499211.61826 605207.924754 1.41272727273 0.0 2457910.47799 0.0 3.0 0.0
-0.405349011521 3503637.96272 605916.849946 1.41272727273 0.0 2457910.47973 0.0 3.0 1.0
-0.403461210054 3501178.99306 605475.33146 1.41272727273 0.0 2457910.48148 0.0 3.0 0.0
-0.401573009612 3504827.99174 606135.637821 1.41272727273 0.0 2457910.48323 0.0 3.0 1.0
-0.399684815711 3503134.93396 605902.102098 1.41272727273 0.0 2457910.48498 0.0 3.0 0.0
-0.397796630866 3506465.41523 606466.559851 1.41272727273 0.0 2457910.48672 0.0 3.0 1.0
-0.395908851536 3504929.08016 606159.680603 1.41272727273 0.0 2457910.48847 0.0 3.0 0.0
-0.394020669709 3509582.45571 606941.52127 1.41272727273 0.0 2457910.49022 0.0 3.0 1.0
-0.392132491405 3504900.3966 606115.873097 1.41272727273 0.0 2457910.49197 0.0 3.0 0.0
-0.390244319641 3510914.88367 607154.386555 1.41272727273 0.0 2457910.49371 0.0 3.0 1.0
-0.38835654333 3509752.90692 606925.863047 1.41272727273 0.0 2457910.49546 0.0 3.0 0.0
-0.3507691123 3572871.06531 617274.32213 1.41272727273 0.0 2457910.53025 0.0 4.0 0.0
-0.34888086708 3579463.53181 618613.538662 1.41272727273 0.0 2457910.532 0.0 4.0 1.0
-0.346993017816 3575649.95582 617968.796336 1.41272727273 0.0 2457910.53374 0.0 4.0 0.0
-0.345104572858 3582462.23594 619223.443478 1.41272727273 0.0 2457910.53549 0.0 4.0 1.0
-0.34321653744 3577992.60335 618427.175948 1.41272727273 0.0 2457910.53724 0.0 4.0 0.0
-0.341328300773 3582840.11277 619301.883369 1.41272727273 0.0 2457910.53899 0.0 4.0 1.0
-0.33944047566 3579419.59369 618686.734234 1.41272727273 0.0 2457910.54073 0.0 4.0 0.0
-0.337552050323 3584092.20148 619471.392051 1.41272727273 0.0 2457910.54248 0.0 4.0 1.0
-0.335664036539 3578506.7594 618525.962579 1.41272727273 0.0 2457910.54423 0.0 4.0 0.0
-0.333775824022 3584540.57091 619520.847415 1.41272727273 0.0 2457910.54598 0.0 4.0 1.0
-0.331888023058 3580229.76253 618776.251672 1.41272727273 0.0 2457910.54772 0.0 4.0 0.0
-0.32999962338 3585362.8274 619733.984852 1.41272727273 0.0 2457910.54947 0.0 4.0 1.0
-0.328111628212 3580821.07152 618925.019331 1.41272727273 0.0 2457910.55122 0.0 4.0 0.0
-0.326223444373 3584119.29878 619485.095896 1.41272727273 0.0 2457910.55297 0.0 4.0 1.0
-0.32433566454 3581294.0608 619022.12701 1.41272727273 0.0 2457910.55471 0.0 4.0 0.0
-0.322447283478 3586006.29808 619810.930432 1.41272727273 0.0 2457910.55646 0.0 4.0 1.0
-0.320559304913 3580921.06396 618979.19222 1.41272727273 0.0 2457910.55821 0.0 4.0 0.0
-0.318671133652 3584539.67453 619579.264679 1.41272727273 0.0 2457910.55996 0.0 4.0 1.0
-0.316783157099 3578648.51487 618519.015812 1.41272727273 0.0 2457910.5617 0.0 4.0 0.0
