0.364326191757 2953809.64629 614640.987912 1.18363636364 0.0 2457910.26656 0.0 0.0 0.0
0.366214041524 2968138.69036 617720.558315 1.18363636364 0.0 2457910.2683 0.0 0.0 1.0
0.368102282718 2967101.24427 617512.361047 1.18363636364 0.0 2457910.27005 0.0 0.0 0.0
0.369990519385 2976045.82305 619282.271565 1.18363636364 0.0 2457910.2718 0.0 0.0 1.0
0.371878757561 2974343.0988 618984.221201 1.18363636364 0.0 2457910.27355 0.0 0.0 0.0
0.373766590724 2980382.3651 620208.359251 1.18363636364 0.0 2457910.27529 0.0 0.0 1.0
0.375654812297 2977826.56608 619677.007464 1.18363636364 0.0 2457910.27704 0.0 0.0 0.0
0.377543033367 2983334.496 620758.425931 1.18363636364 0.0 2457910.27879 0.0 0.0 1.0
0.379431242362 2980248.37916 620163.080054 1.18363636364 0.0 2457910.28054 0.0 0.0 0.0
0.381319050873 2985108.57412 621045.782726 1.18363636364 0.0 2457910.28228 0.0 0.0 1.0
0.383207248296 2981586.90245 620381.292585 1.18363636364 0.0 2457910.28403 0.0 0.0 0.0
0.385095444713 2985844.82853 621183.307321 1.18363636364 0.0 2457910.28578 0.0 0.0 1.0
0.386983630564 2981908.95444 620401.409756 1.18363636364 0.0 2457910.28753 0.0 0.0 0.0
0.388871416937 2985918.22034 621197.001277 1.18363636364 0.0 2457910.28927 0.0 0.0 1.0
0.39075959977 2983776.59563 620734.837338 1.18363636364 0.0 2457910.29102 0.0 0.0 0.0
0.392647774552 2988350.55102 621653.900923 1.18363636364 0.0 2457910.29277 0.0 0.0 1.0
0.394535946316 2986834.45915 621416.508129 1.18363636364 0.0 2457910.29452 0.0 0.0 0.0
0.396423723131 2988116.68611 621610.61096 1.18363636364 0.0 2457910.29626 0.0 0.0 1.0
0.434511313633 2978843.59786 619589.621435 1.18363636364 0.0 2457910.33152 0.0 1.0 0.0
0.436399558852 2985945.26188 621123.637494 1.18363636364 0.0 2457910.33326 0.0 1.0 1.0
0.438287407613 2982378.95515 620442.324504 1.18363636364 0.0 2457910.33501 0.0 1.0 0.0
0.440175652832 2986387.10268 621281.164343 1.18363636364 0.0 2457910.33676 0.0 1.0 1.0
0.442063888996 2983406.22514 620646.760275 1.18363636364 0.0 2457910.33851 0.0 1.0 0.0
0.443952125662 2987559.46167 621546.390298 1.18363636364 0.0 2457910.34025 0.0 1.0 1.0
0.445839951279 2984388.56431 620851.461373 1.18363636364 0.0 2457910.342 0.0 1.0 0.0
0.447728176877 2987977.57413 621561.148616 1.18363636364 0.0 2457910.34375 0.0 1.0 1.0
0.449616390903 2984742.86135 620978.561909 1.18363636364 0.0 2457910.3455 0.0 1.0 0.0
0.451504603923 2989160.02826 621850.133654 1.18363636364 0.0 2457910.34724 0.0 1.0 1.0
0.453392404887 2986351.93234 621252.509168 1.18363636364 0.0 2457910.34899 0.0 1.0 0.0
0.455280605329 2990110.75757 622045.163602 1.18363636364 0.0 2457910.35074 0.0 1.0 1.0
0.457168800236 2985987.9421 621135.426966 1.18363636364 0.0 2457910.35249 0.0 1.0 0.0
0.459056984578 2989945.1996 621984.049483 1.18363636364 0.0 2457910.35423 0.0 1.0 1.0
0.460944764914 2984975.0553 620920.753407 1.18363636364 0.0 2457910.35598 0.0 1.0 0.0
0.46283294674 2988121.41934 621599.59721 1.18363636364 0.0 2457910.35773 0.0 1.0 1.0
0.464721125548 2986451.33145 621229.879155 1.18363636364 0.0 2457910.35948 0.0 1.0 0.0
0.466609297312 2990646.6871 622103.523624 1.18363636364 0.0 2457910.36122 0.0 1.0 1.0
0.468497074126 2985838.55686 621159.683862 1.18363636364 0.0 2457910.36297 0.0 1.0 0.0
-0.493915491322 2978439.99813 619342.848504 1.18363636364 0.0 2457910.39776 0.0 2.0 0.0
-0.492027246102 2981754.11573 620286.630881 1.18363636364 0.0 2457910.39951 0.0 2.0 1.0
-0.490139397845 2973007.6055 618528.477553 1.18363636364 0.0 2457910.40126 0.0 2.0 0.0
-0.488251152122 2968481.97325 617657.078285 1.18363636364 0.0 2457910.403 0.0 2.0 1.0
-0.486362916462 2958633.97301 615670.819171 1.18363636364 0.0 2457910.40475 0.0 2.0 0.0
-0.484474680298 2955405.62283 615064.339911 1.18363636364 0.0 2457910.4065 0.0 2.0 1.0
-0.48258665444 2942403.20666 612416.916128 1.18363636364 0.0 2457910.40825 0.0 2.0 0.0
-0.480698628581 2937087.61284 611287.937732 1.18363636364 0.0 2457910.40999 0.0 2.0 1.0
-0.478810415058 2929204.81469 609709.556475 1.18363636364 0.0 2457910.41174 0.0 2.0 0.0
-0.476922202541 2929299.06658 609741.107157 1.18363636364 0.0 2457910.41349 0.0 2.0 1.0
-0.475034401074 2925401.62897 608992.18415 1.18363636364 0.0 2457910.41524 0.0 2.0 0.0
-0.473146200632 2925927.94987 609073.178325 1.18363636364 0.0 2457910.41698 0.0 2.0 1.0
-0.471258005725 2921926.38171 608250.352652 1.18363636364 0.0 2457910.41873 0.0 2.0 0.0
-0.469369821383 2925123.77395 608892.734199 1.18363636364 0.0 2457910.42048 0.0 2.0 1.0
-0.467482041047 2921102.43109 608123.299589 1.18363636364 0.0 2457910.42223 0.0 2.0 0.0
-0.465593859724 2923139.71004 608512.964858 1.18363636364 0.0 2457910.42397 0.0 2.0 1.0
-0.463705680916 2920460.49204 607994.695145 1.18363636364 0.0 2457910.42572 0.0 2.0 0.0
-0.461817509152 2922953.44794 608547.765446 1.18363636364 0.0 2457910.42747 0.0 2.0 1.0
-0.459929732841 2918479.91662 607476.835619 1.18363636364 0.0 2457910.42922 0.0 2.0 0.0
-0.422342300301 2908964.16739 605345.675933 1.18363636364 0.0 2457910.46401 0.0 3.0 0.0
-0.420454055082 2915225.29916 606871.439962 1.18363636364 0.0 2457910.46575 0.0 3.0 1.0
-0.418566206321 2913349.63498 606518.417202 1.18363636364 0.0 2457910.4675 0.0 3.0 0.0
-0.416677961102 2917024.1445 607272.504339 1.18363636364 0.0 2457910.46925 0.0 3.0 1.0
-0.414789724938 2913029.03339 606500.880864 1.18363636364 0.0 2457910.471 0.0 3.0 0.0
-0.412901488775 2916905.05282 607310.005042 1.18363636364 0.0 2457910.47274 0.0 3.0 1.0
-0.411013662655 2916072.41589 607066.309102 1.18363636364 0.0 2457910.47449 0.0 3.0 0.0
-0.40912543756 2919068.78366 607657.116784 1.18363636364 0.0 2457910.47624 0.0 3.0 1.0
-0.407237224037 2917844.80857 607461.334833 1.18363636364 0.0 2457910.47799 0.0 3.0 0.0
-0.405349011521 2921027.91532 608030.74382 1.18363636364 0.0 2457910.47973 0.0 3.0 1.0
-0.403461210054 2919175.45295 607657.476614 1.18363636364 0.0 2457910.48148 0.0 3.0 0.0
-0.401573009612 2924310.59702 608716.005946 1.18363636364 0.0 2457910.48323 0.0 3.0 1.0
-0.399684815711 2920692.98284 608005.035868 1.18363636364 0.0 2457910.48498 0.0 3.0 0.0
-0.397796630866 2923798.80075 608586.421901 1.18363636364 0.0 2457910.48672 0.0 3.0 1.0
-0.395908851536 2920358.1906 607939.271133 1.18363636364 0.0 2457910.48847 0.0 3.0 0.0
-0.394020669709 2924596.66003 608751.034796 1.18363636364 0.0 2457910.49022 0.0 3.0 1.0
-0.392132491405 2923250.56845 608513.254115 1.18363636364 0.0 2457910.49197 0.0 3.0 0.0
-0.390244319641 2927216.37243 609327.132457 1.18363636364 0.0 2457910.49371 0.0 3.0 1.0
-0.38835654333 2925149.23743 608863.828621 1.18363636364 0.0 2457910.49546 0.0 3.0 0.0
-0.3507691123 2978770.39259 619451.548036 1.18363636364 0.0 2457910.53025 0.0 4.0 0.0
-0.34888086708 2984661.68305 620837.87561 1.18363636364 0.0 2457910.532 0.0 4.0 1.0
-0.346993017816 2981134.07998 620147.561636 1.18363636364 0.0 2457910.53374 0.0 4.0 0.0
-0.345104572858 2985980.3887 621161.697611 1.18363636364 0.0 2457910.53549 0.0 4.0 1.0
-0.34321653744 2984018.26143 620796.780978 1.18363636364 0.0 2457910.53724 0.0 4.0 0.0
-0.341328300773 2986077.46436 621203.550271 1.18363636364 0.0 2457910.53899 0.0 4.0 1.0
-0.33944047566 2983062.04798 620600.472641 1.18363636364 0.0 2457910.54073 0.0 4.0 0.0
-0.337552050323 2986937.90924 621360.06184 1.18363636364 0.0 2457910.54248 0.0 4.0 1.0
-0.335664036539 2983131.89119 620615.704262 1.18363636364 0.0 2457910.54423 0.0 4.0 0.0
-0.333775824022 2987265.75482 621408.083927 1.18363636364 0.0 2457910.54598 0.0 4.0 1.0
-0.331888023058 2985070.82758 621022.398602 1.18363636364 0.0 2457910.54772 0.0 4.0 0.0
-0.32999962338 2986811.86364 621397.335774 1.18363636364 0.0 2457910.54947 0.0 4.0 1.0
-0.328111628212 2983433.212 620712.040611 1.18363636364 0.0 2457910.55122 0.0 4.0 0.0
-0.326223444373 2988279.63319 621628.882938 1.18363636364 0.0 2457910.55297 0.0 4.0 1.0
-0.32433566454 2984267.66554 620861.901309 1.18363636364 0.0 2457910.55471 0.0 4.0 0.0
-0.322447283478 2986561.7994 621276.997217 1.18363636364 0.0 2457910.55646 0.0 4.0 1.0
-0.320559304913 2983999.14245 620812.87335 1.18363636364 0.0 2457910.55821 0.0 4.0 0.0
-0.318671133652 2988423.72894 621664.23349 1.18363636364 0.0 2457910.55996 0.0 4.0 1.0
-0.316783157099 2982517.65709 620408.813976 1.18363636364 0.0 2457910.5617 0.0 4.0 0.0
