0.364326191757 1950652.12349 412953.445222 1.66727272727 0.0 2457910.26656 0.0 0.0 0.0
0.366214041524 1959590.74009 414978.981817 1.66727272727 0.0 2457910.2683 0.0 0.0 1.0
0.368102282718 1959698.55893 414992.474587 1.66727272727 0.0 2457910.27005 0.0 0.0 0.0
0.369990519385 1965874.05999 416190.966858 1.66727272727 0.0 2457910.2718 0.0 0.0 1.0
0.371878757561 1965008.62906 416033.982878 1.66727272727 0.0 2457910.27355 0.0 0.0 0.0
0.373766590724 1967836.45589 416624.938569 1.66727272727 0.0 2457910.27529 0.0 0.0 1.0
0.375654812297 1967042.52256 416479.367364 1.66727272727 0.0 2457910.27704 0.0 0.0 0.0
0.377543033367 1970495.54474 417209.008127 1.66727272727 0.0 2457910.27879 0.0 0.0 1.0
0.379431242362 1969394.88178 416947.828113 1.66727272727 0.0 2457910.28054 0.0 0.0 0.0
0.381319050873 1971091.0082 417240.117498 1.66727272727 0.0 2457910.28228 0.0 0.0 1.0
0.383207248296 1969546.47386 416790.291725 1.66727272727 0.0 2457910.28403 0.0 0.0 0.0
0.385095444713 1972422.43864 417429.329989 1.66727272727 0.0 2457910.28578 0.0 0.0 1.0
0.386983630564 1971110.60973 417096.930608 1.66727272727 0.0 2457910.28753 0.0 0.0 0.0
0.388871416937 1974457.01606 417809.812205 1.66727272727 0.0 2457910.28927 0.0 0.0 1.0
0.39075959977 1971700.30759 417191.589008 1.66727272727 0.0 2457910.29102 0.0 0.0 0.0
0.392647774552 1974173.72328 417673.619374 1.66727272727 0.0 2457910.29277 0.0 0.0 1.0
0.394535946316 1972293.89798 417273.826378 1.66727272727 0.0 2457910.29452 0.0 0.0 0.0
0.396423723131 1975587.11798 417969.271743 1.66727272727 0.0 2457910.29626 0.0 0.0 1.0
0.434511313633 1969135.74209 416559.022687 1.66727272727 0.0 2457910.33152 0.0 1.0 0.0
0.436399558852 1972815.3718 417469.902508 1.66727272727 0.0 2457910.33326 0.0 1.0 1.0
0.438287407613 1971388.21061 417202.365935 1.66727272727 0.0 2457910.33501 0.0 1.0 0.0
0.440175652832 1974110.40592 417775.503455 1.66727272727 0.0 2457910.33676 0.0 1.0 1.0
0.442063888996 1971674.59377 417148.455183 1.66727272727 0.0 2457910.33851 0.0 1.0 0.0
0.443952125662 1974515.66734 417824.622555 1.66727272727 0.0 2457910.34025 0.0 1.0 1.0
0.445839951279 1973140.00595 417485.390613 1.66727272727 0.0 2457910.342 0.0 1.0 0.0
0.447728176877 1975426.1125 418001.919865 1.66727272727 0.0 2457910.34375 0.0 1.0 1.0
0.449616390903 1972767.12794 417434.821769 1.66727272727 0.0 2457910.3455 0.0 1.0 0.0
0.451504603923 1974357.95461 417772.699496 1.66727272727 0.0 2457910.34724 0.0 1.0 1.0
0.453392404887 1973232.01308 417523.159352 1.66727272727 0.0 2457910.34899 0.0 1.0 0.0
0.455280605329 1975540.51382 418164.569276 1.66727272727 0.0 2457910.35074 0.0 1.0 1.0
0.457168800236 1972949.11283 417511.642885 1.66727272727 0.0 2457910.35249 0.0 1.0 0.0
0.459056984578 1975977.56631 418193.871361 1.66727272727 0.0 2457910.35423 0.0 1.0 1.0
0.460944764914 1973729.9544 417552.650751 1.66727272727 0.0 2457910.35598 0.0 1.0 0.0
0.46283294674 1976260.16913 418164.00833 1.66727272727 0.0 2457910.35773 0.0 1.0 1.0
0.464721125548 1973482.12141 417506.381352 1.66727272727 0.0 2457910.35948 0.0 1.0 0.0
0.466609297312 1976718.59902 418274.946882 1.66727272727 0.0 2457910.36122 0.0 1.0 1.0
0.468497074126 1974441.36681 417729.078143 1.66727272727 0.0 2457910.36297 0.0 1.0 0.0
-0.493915491322 1970805.06419 416678.81955 1.66727272727 0.0 2457910.39776 0.0 2.0 0.0
-0.492027246102 1972008.45177 417097.975935 1.66727272727 0.0 2457910.39951 0.0 2.0 1.0
-0.490139397845 1965181.30207 415747.363339 1.66727272727 0.0 2457910.40126 0.0 2.0 0.0
-0.488251152122 1964314.15702 415652.118606 1.66727272727 0.0 2457910.403 0.0 2.0 1.0
-0.486362916462 1955959.85749 413910.126529 1.66727272727 0.0 2457910.40475 0.0 2.0 0.0
-0.484474680298 1952605.71466 413217.277843 1.66727272727 0.0 2457910.4065 0.0 2.0 1.0
-0.48258665444 1945205.30988 411740.816515 1.66727272727 0.0 2457910.40825 0.0 2.0 0.0
-0.480698628581 1941563.413 410949.59501 1.66727272727 0.0 2457910.40999 0.0 2.0 1.0
-0.478810415058 1936166.10534 409895.967393 1.66727272727 0.0 2457910.41174 0.0 2.0 0.0
-0.476922202541 1936562.11731 409988.620142 1.66727272727 0.0 2457910.41349 0.0 2.0 1.0
-0.475034401074 1934695.29634 409622.467513 1.66727272727 0.0 2457910.41524 0.0 2.0 0.0
-0.473146200632 1934937.26433 409674.151578 1.66727272727 0.0 2457910.41698 0.0 2.0 1.0
-0.471258005725 1932312.36938 409192.618147 1.66727272727 0.0 2457910.41873 0.0 2.0 0.0
-0.469369821383 1934841.52827 409782.635245 1.66727272727 0.0 2457910.42048 0.0 2.0 1.0
-0.467482041047 1930490.73171 408885.331571 1.66727272727 0.0 2457910.42223 0.0 2.0 0.0
-0.465593859724 1934461.21543 409713.545125 1.66727272727 0.0 2457910.42397 0.0 2.0 1.0
-0.463705680916 1930762.32712 408908.214398 1.66727272727 0.0 2457910.42572 0.0 2.0 0.0
-0.461817509152 1932386.78099 409320.663206 1.66727272727 0.0 2457910.42747 0.0 2.0 1.0
-0.459929732841 1928796.01067 408470.419964 1.66727272727 0.0 2457910.42922 0.0 2.0 0.0
-0.422342300301 1924780.00477 407533.479616 1.66727272727 0.0 2457910.46401 0.0 3.0 0.0
-0.420454055082 1928567.01162 408509.102058 1.66727272727 0.0 2457910.46575 0.0 3.0 1.0
-0.418566206321 1927461.18815 408219.855278 1.66727272727 0.0 2457910.4675 0.0 3.0 0.0
-0.416677961102 1929058.88957 408544.158005 1.66727272727 0.0 2457910.46925 0.0 3.0 1.0
-0.414789724938 1927826.93534 408370.343852 1.66727272727 0.0 2457910.471 0.0 3.0 0.0
-0.412901488775 1929524.67773 408703.33392 1.66727272727 0.0 2457910.47274 0.0 3.0 1.0
-0.411013662655 1928691.03819 408509.238791 1.66727272727 0.0 2457910.47449 0.0 3.0 0.0
-0.40912543756 1931085.82285 408995.826984 1.66727272727 0.0 2457910.47624 0.0 3.0 1.0
-0.407237224037 1929716.93631 408794.736518 1.66727272727 0.0 2457910.47799 0.0 3.0 0.0
-0.405349011521 1931336.30607 409053.799615 1.66727272727 0.0 2457910.47973 0.0 3.0 1.0
-0.403461210054 1930221.37404 408856.040533 1.66727272727 0.0 2457910.48148 0.0 3.0 0.0
-0.401573009612 1932689.24625 409448.923552 1.66727272727 0.0 2457910.48323 0.0 3.0 1.0
-0.399684815711 1931026.94299 409003.932319 1.66727272727 0.0 2457910.48498 0.0 3.0 0.0
-0.397796630866 1931964.44532 409213.786919 1.66727272727 0.0 2457910.48672 0.0 3.0 1.0
-0.395908851536 1931578.61969 409064.638799 1.66727272727 0.0 2457910.48847 0.0 3.0 0.0
-0.394020669709 1933364.64079 409411.351142 1.66727272727 0.0 2457910.49022 0.0 3.0 1.0
-0.392132491405 1932006.40632 409071.410826 1.66727272727 0.0 2457910.49197 0.0 3.0 0.0
-0.390244319641 1934295.38926 409591.456018 1.66727272727 0.0 2457910.49371 0.0 3.0 1.0
-0.38835654333 1933984.71351 409455.897659 1.66727272727 0.0 2457910.49546 0.0 3.0 0.0
-0.3507691123 1968903.7536 416365.774997 1.66727272727 0.0 2457910.53025 0.0 4.0 0.0
-0.34888086708 1973589.47713 417532.395433 1.66727272727 0.0 2457910.532 0.0 4.0 1.0
-0.346993017816 1971455.15661 417051.94755 1.66727272727 0.0 2457910.53374 0.0 4.0 0.0
-0.345104572858 1974651.11495 417774.791057 1.66727272727 0.0 2457910.53549 0.0 4.0 1.0
-0.34321653744 1974068.30194 417627.420631 1.66727272727 0.0 2457910.53724 0.0 4.0 0.0
-0.341328300773 1975168.51992 417847.137479 1.66727272727 0.0 2457910.53899 0.0 4.0 1.0
-0.33944047566 1971588.12992 417140.551674 1.66727272727 0.0 2457910.54073 0.0 4.0 0.0
-0.337552050323 1974127.05011 417705.363106 1.66727272727 0.0 2457910.54248 0.0 4.0 1.0
-0.335664036539 1973396.4005 417488.460137 1.66727272727 0.0 2457910.54423 0.0 4.0 0.0
-0.333775824022 1975053.34622 417807.605772 1.66727272727 0.0 2457910.54598 0.0 4.0 1.0
-0.331888023058 1972743.28299 417394.860521 1.66727272727 0.0 2457910.54772 0.0 4.0 0.0
-0.32999962338 1976729.4347 418353.284986 1.66727272727 0.0 2457910.54947 0.0 4.0 1.0
-0.328111628212 1972864.059 417517.794976 1.66727272727 0.0 2457910.55122 0.0 4.0 0.0
-0.326223444373 1975099.77317 418013.533519 1.66727272727 0.0 2457910.55297 0.0 4.0 1.0
-0.32433566454 1972460.06693 417438.662011 1.66727272727 0.0 2457910.55471 0.0 4.0 0.0
-0.322447283478 1975890.80026 418198.654813 1.66727272727 0.0 2457910.55646 0.0 4.0 1.0
-0.320559304913 1972632.27421 417454.232117 1.66727272727 0.0 2457910.55821 0.0 4.0 0.0
-0.318671133652 1974956.57253 418009.002711 1.66727272727 0.0 2457910.55996 0.0 4.0 1.0
-0.316783157099 1971949.72081 417224.421266 1.66727272727 0.0 2457910.5617 0.0 4.0 0.0
