0.364326191757 2764665.0989 480122.163616 1.15818181818 0.0 2457910.26656 0.0 0.0 0.0
0.366214041524 2778943.0772 482700.542727 1.15818181818 0.0 2457910.2683 0.0 0.0 1.0
0.368102282718 2780054.5869 482909.596556 1.15818181818 0.0 2457910.27005 0.0 0.0 0.0
0.369990519385 2786618.76418 484010.952405 1.15818181818 0.0 2457910.2718 0.0 0.0 1.0
0.371878757561 2784638.2784 483678.131021 1.15818181818 0.0 2457910.27355 0.0 0.0 0.0
0.373766590724 2791425.57983 484774.308202 1.15818181818 0.0 2457910.27529 0.0 0.0 1.0
0.375654812297 2788293.57066 484302.443081 1.15818181818 0.0 2457910.27704 0.0 0.0 0.0
0.377543033367 2795327.49331 485424.668016 1.15818181818 0.0 2457910.27879 0.0 0.0 1.0
0.379431242362 2791851.84454 484882.971038 1.15818181818 0.0 2457910.28054 0.0 0.0 0.0
0.381319050873 2796045.99242 485513.008623 1.15818181818 0.0 2457910.28228 0.0 0.0 1.0
0.383207248296 2794062.34156 485233.109511 1.15818181818 0.0 2457910.28403 0.0 0.0 0.0
0.385095444713 2798632.25212 485946.742902 1.15818181818 0.0 2457910.28578 0.0 0.0 1.0
0.386983630564 2793868.61132 485164.674315 1.15818181818 0.0 2457910.28753 0.0 0.0 0.0
0.388871416937 2799328.13637 486059.660359 1.15818181818 0.0 2457910.28927 0.0 0.0 1.0
0.39075959977 2795016.21597 485287.659361 1.15818181818 0.0 2457910.29102 0.0 0.0 0.0
0.392647774552 2798964.96355 485973.773506 1.15818181818 0.0 2457910.29277 0.0 0.0 1.0
0.394535946316 2796557.89545 485595.849243 1.15818181818 0.0 2457910.29452 0.0 0.0 0.0
0.396423723131 2800274.3597 486169.776181 1.15818181818 0.0 2457910.29626 0.0 0.0 1.0
0.434511313633 2790150.8251 484313.627224 1.15818181818 0.0 2457910.33152 0.0 1.0 0.0
0.436399558852 2796093.15021 485458.864126 1.15818181818 0.0 2457910.33326 0.0 1.0 1.0
0.438287407613 2793228.22543 485079.457331 1.15818181818 0.0 2457910.33501 0.0 1.0 0.0
0.440175652832 2799169.52052 486028.438102 1.15818181818 0.0 2457910.33676 0.0 1.0 1.0
0.442063888996 2795242.91992 485360.583078 1.15818181818 0.0 2457910.33851 0.0 1.0 0.0
0.443952125662 2799942.00262 486136.847081 1.15818181818 0.0 2457910.34025 0.0 1.0 1.0
0.445839951279 2796207.63384 485494.820822 1.15818181818 0.0 2457910.342 0.0 1.0 0.0
0.447728176877 2798761.63944 485944.38497 1.15818181818 0.0 2457910.34375 0.0 1.0 1.0
0.449616390903 2796003.71011 485468.258119 1.15818181818 0.0 2457910.3455 0.0 1.0 0.0
0.451504603923 2799091.20371 485974.525476 1.15818181818 0.0 2457910.34724 0.0 1.0 1.0
0.453392404887 2795837.27689 485410.581387 1.15818181818 0.0 2457910.34899 0.0 1.0 0.0
0.455280605329 2799782.88598 486129.552775 1.15818181818 0.0 2457910.35074 0.0 1.0 1.0
0.457168800236 2796052.52987 485447.815659 1.15818181818 0.0 2457910.35249 0.0 1.0 0.0
0.459056984578 2800475.00413 486193.762765 1.15818181818 0.0 2457910.35423 0.0 1.0 1.0
0.460944764914 2796941.94673 485591.354136 1.15818181818 0.0 2457910.35598 0.0 1.0 0.0
0.46283294674 2799849.28024 486034.473158 1.15818181818 0.0 2457910.35773 0.0 1.0 1.0
0.464721125548 2797039.21464 485612.700314 1.15818181818 0.0 2457910.35948 0.0 1.0 0.0
0.466609297312 2799254.43855 485985.568893 1.15818181818 0.0 2457910.36122 0.0 1.0 1.0
0.468497074126 2797278.63311 485697.768609 1.15818181818 0.0 2457910.36297 0.0 1.0 0.0
-0.493915491322 2790703.87431 484326.025654 1.15818181818 0.0 2457910.39776 0.0 2.0 0.0
-0.492027246102 2792342.82982 484807.127071 1.15818181818 0.0 2457910.39951 0.0 2.0 1.0
-0.490139397845 2784395.94278 483505.579118 1.15818181818 0.0 2457910.40126 0.0 2.0 0.0
-0.488251152122 2781452.24768 482986.418875 1.15818181818 0.0 2457910.403 0.0 2.0 1.0
-0.486362916462 2772253.52632 481461.688208 1.15818181818 0.0 2457910.40475 0.0 2.0 0.0
-0.484474680298 2767857.78724 480744.053555 1.15818181818 0.0 2457910.4065 0.0 2.0 1.0
-0.48258665444 2756323.4768 478840.924327 1.15818181818 0.0 2457910.40825 0.0 2.0 0.0
-0.480698628581 2751378.18979 477977.383784 1.15818181818 0.0 2457910.40999 0.0 2.0 1.0
-0.478810415058 2742897.74194 476565.618161 1.15818181818 0.0 2457910.41174 0.0 2.0 0.0
-0.476922202541 2744633.09515 476805.316541 1.15818181818 0.0 2457910.41349 0.0 2.0 1.0
-0.475034401074 2738699.43842 475802.94579 1.15818181818 0.0 2457910.41524 0.0 2.0 0.0
-0.473146200632 2740876.07068 476190.337778 1.15818181818 0.0 2457910.41698 0.0 2.0 1.0
-0.471258005725 2737414.65896 475612.238687 1.15818181818 0.0 2457910.41873 0.0 2.0 0.0
-0.469369821383 2738814.04659 475825.607592 1.15818181818 0.0 2457910.42048 0.0 2.0 1.0
-0.467482041047 2736159.96231 475389.541643 1.15818181818 0.0 2457910.42223 0.0 2.0 0.0
-0.465593859724 2737938.63697 475700.555139 1.15818181818 0.0 2457910.42397 0.0 2.0 1.0
-0.463705680916 2733040.65223 474899.088059 1.15818181818 0.0 2457910.42572 0.0 2.0 0.0
-0.461817509152 2736664.64383 475495.361535 1.15818181818 0.0 2457910.42747 0.0 2.0 1.0
-0.459929732841 2731779.62678 474638.065567 1.15818181818 0.0 2457910.42922 0.0 2.0 0.0
-0.422342300301 2724222.8507 473155.229227 1.15818181818 0.0 2457910.46401 0.0 3.0 0.0
-0.420454055082 2730216.41714 474374.505924 1.15818181818 0.0 2457910.46575 0.0 3.0 1.0
-0.418566206321 2727162.29183 473873.085134 1.15818181818 0.0 2457910.4675 0.0 3.0 0.0
-0.416677961102 2731634.70699 474617.494113 1.15818181818 0.0 2457910.46925 0.0 3.0 1.0
-0.414789724938 2729454.84857 474297.773484 1.15818181818 0.0 2457910.471 0.0 3.0 0.0
-0.412901488775 2732939.13465 474902.7232 1.15818181818 0.0 2457910.47274 0.0 3.0 1.0
-0.411013662655 2731042.25287 474502.400366 1.15818181818 0.0 2457910.47449 0.0 3.0 0.0
-0.40912543756 2734287.29004 475057.339338 1.15818181818 0.0 2457910.47624 0.0 3.0 1.0
-0.407237224037 2731479.75905 474609.980613 1.15818181818 0.0 2457910.47799 0.0 3.0 0.0
-0.405349011521 2736227.55845 475387.02298 1.15818181818 0.0 2457910.47973 0.0 3.0 1.0
-0.403461210054 2733634.33474 474943.222026 1.15818181818 0.0 2457910.48148 0.0 3.0 0.0
-0.401573009612 2736916.28872 475536.83422 1.15818181818 0.0 2457910.48323 0.0 3.0 1.0
-0.399684815711 2734791.50888 475135.52295 1.15818181818 0.0 2457910.48498 0.0 3.0 0.0
-0.397796630866 2738230.36463 475726.50822 1.15818181818 0.0 2457910.48672 0.0 3.0 1.0
-0.395908851536 2736295.09634 475410.956138 1.15818181818 0.0 2457910.48847 0.0 3.0 0.0
-0.394020669709 2738347.47123 475765.795481 1.15818181818 0.0 2457910.49022 0.0 3.0 1.0
-0.392132491405 2737117.38679 475551.733068 1.15818181818 0.0 2457910.49197 0.0 3.0 0.0
-0.390244319641 2742550.97629 476441.028854 1.15818181818 0.0 2457910.49371 0.0 3.0 1.0
-0.38835654333 2739317.05746 475906.471411 1.15818181818 0.0 2457910.49546 0.0 3.0 0.0
-0.3507691123 2788594.88388 484001.741636 1.15818181818 0.0 2457910.53025 0.0 4.0 0.0
-0.34888086708 2797631.50828 485671.110293 1.15818181818 0.0 2457910.532 0.0 4.0 1.0
-0.346993017816 2793353.40677 484972.870707 1.15818181818 0.0 2457910.53374 0.0 4.0 0.0
-0.345104572858 2796771.50761 485565.962701 1.15818181818 0.0 2457910.53549 0.0 4.0 1.0
-0.34321653744 2793927.40103 485123.390351 1.15818181818 0.0 2457910.53724 0.0 4.0 0.0
-0.341328300773 2797592.90251 485716.513466 1.15818181818 0.0 2457910.53899 0.0 4.0 1.0
-0.33944047566 2794079.75107 485120.601925 1.15818181818 0.0 2457910.54073 0.0 4.0 0.0
-0.337552050323 2797098.33863 485634.821555 1.15818181818 0.0 2457910.54248 0.0 4.0 1.0
-0.335664036539 2794468.65651 485205.251216 1.15818181818 0.0 2457910.54423 0.0 4.0 0.0
-0.333775824022 2799113.07294 485958.341468 1.15818181818 0.0 2457910.54598 0.0 4.0 1.0
-0.331888023058 2795071.85965 485299.042333 1.15818181818 0.0 2457910.54772 0.0 4.0 0.0
-0.32999962338 2798247.26714 485832.046869 1.15818181818 0.0 2457910.54947 0.0 4.0 1.0
-0.328111628212 2795773.92093 485476.44671 1.15818181818 0.0 2457910.55122 0.0 4.0 0.0
-0.326223444373 2798567.24922 485891.092033 1.15818181818 0.0 2457910.55297 0.0 4.0 1.0
-0.32433566454 2794593.35933 485249.012623 1.15818181818 0.0 2457910.55471 0.0 4.0 0.0
-0.322447283478 2799877.64211 486113.872884 1.15818181818 0.0 2457910.55646 0.0 4.0 1.0
-0.320559304913 2796145.21904 485487.048851 1.15818181818 0.0 2457910.55821 0.0 4.0 0.0
-0.318671133652 2797511.32218 485690.439844 1.15818181818 0.0 2457910.55996 0.0 4.0 1.0
-0.316783157099 2794317.02198 485136.767092 1.15818181818 0.0 2457910.5617 0.0 4.0 0.0
