0.364326191757 3552514.94934 736921.427409 1.43818181818 0.0 2457910.26656 0.0 0.0 0.0
0.366214041524 3572141.19371 741112.040648 1.43818181818 0.0 2457910.2683 0.0 0.0 1.0
0.368102282718 3572106.10414 741117.008202 1.43818181818 0.0 2457910.27005 0.0 0.0 0.0
0.369990519385 3582531.20212 743265.979884 1.43818181818 0.0 2457910.2718 0.0 0.0 1.0
0.371878757561 3579085.88417 742407.346564 1.43818181818 0.0 2457910.27355 0.0 0.0 0.0
0.373766590724 3589509.13449 744610.978799 1.43818181818 0.0 2457910.27529 0.0 0.0 1.0
0.375654812297 3584124.85333 743488.925482 1.43818181818 0.0 2457910.27704 0.0 0.0 0.0
0.377543033367 3591333.65384 744947.748041 1.43818181818 0.0 2457910.27879 0.0 0.0 1.0
0.379431242362 3587655.4499 744230.682284 1.43818181818 0.0 2457910.28054 0.0 0.0 0.0
0.381319050873 3593605.80262 745346.615819 1.43818181818 0.0 2457910.28228 0.0 0.0 1.0
0.383207248296 3588962.07898 744435.633118 1.43818181818 0.0 2457910.28403 0.0 0.0 0.0
0.385095444713 3593650.12261 745361.478768 1.43818181818 0.0 2457910.28578 0.0 0.0 1.0
0.386983630564 3590868.51055 744813.980318 1.43818181818 0.0 2457910.28753 0.0 0.0 0.0
0.388871416937 3596654.20522 745962.882331 1.43818181818 0.0 2457910.28927 0.0 0.0 1.0
0.39075959977 3591699.69198 744946.803287 1.43818181818 0.0 2457910.29102 0.0 0.0 0.0
0.392647774552 3596525.60153 745931.678952 1.43818181818 0.0 2457910.29277 0.0 0.0 1.0
0.394535946316 3591837.67276 744975.932643 1.43818181818 0.0 2457910.29452 0.0 0.0 0.0
0.396423723131 3598707.72116 746394.762043 1.43818181818 0.0 2457910.29626 0.0 0.0 1.0
0.434511313633 3584305.61521 743103.433975 1.43818181818 0.0 2457910.33152 0.0 1.0 0.0
0.436399558852 3590803.78676 744675.99899 1.43818181818 0.0 2457910.33326 0.0 1.0 1.0
0.438287407613 3589144.87357 744423.788742 1.43818181818 0.0 2457910.33501 0.0 1.0 0.0
0.440175652832 3594961.23074 745605.467866 1.43818181818 0.0 2457910.33676 0.0 1.0 1.0
0.442063888996 3591271.48232 744838.111566 1.43818181818 0.0 2457910.33851 0.0 1.0 0.0
0.443952125662 3596088.86822 745803.081508 1.43818181818 0.0 2457910.34025 0.0 1.0 1.0
0.445839951279 3590350.05743 744619.454597 1.43818181818 0.0 2457910.342 0.0 1.0 0.0
0.447728176877 3597562.96858 746108.445224 1.43818181818 0.0 2457910.34375 0.0 1.0 1.0
0.449616390903 3593236.73669 745200.320649 1.43818181818 0.0 2457910.3455 0.0 1.0 0.0
0.451504603923 3596351.56755 745874.451257 1.43818181818 0.0 2457910.34724 0.0 1.0 1.0
0.453392404887 3593884.96614 745364.12413 1.43818181818 0.0 2457910.34899 0.0 1.0 0.0
0.455280605329 3598899.33799 746362.597186 1.43818181818 0.0 2457910.35074 0.0 1.0 1.0
0.457168800236 3592151.10946 744961.832978 1.43818181818 0.0 2457910.35249 0.0 1.0 0.0
0.459056984578 3595787.34456 745752.031042 1.43818181818 0.0 2457910.35423 0.0 1.0 1.0
0.460944764914 3591751.76325 744904.129609 1.43818181818 0.0 2457910.35598 0.0 1.0 0.0
0.46283294674 3597088.19502 745999.473697 1.43818181818 0.0 2457910.35773 0.0 1.0 1.0
0.464721125548 3592072.22382 744959.723948 1.43818181818 0.0 2457910.35948 0.0 1.0 0.0
0.466609297312 3598646.30301 746304.642684 1.43818181818 0.0 2457910.36122 0.0 1.0 1.0
0.468497074126 3592665.86938 745109.986259 1.43818181818 0.0 2457910.36297 0.0 1.0 0.0
-0.493915491322 3582248.23759 742665.349686 1.43818181818 0.0 2457910.39776 0.0 2.0 0.0
-0.492027246102 3587642.65594 743973.53888 1.43818181818 0.0 2457910.39951 0.0 2.0 1.0
-0.490139397845 3576073.62855 741689.575304 1.43818181818 0.0 2457910.40126 0.0 2.0 0.0
-0.488251152122 3573906.63228 741332.433734 1.43818181818 0.0 2457910.403 0.0 2.0 1.0
-0.486362916462 3559377.99147 738403.252841 1.43818181818 0.0 2457910.40475 0.0 2.0 0.0
-0.484474680298 3551997.5422 736902.894137 1.43818181818 0.0 2457910.4065 0.0 2.0 1.0
-0.48258665444 3538748.89791 734214.023389 1.43818181818 0.0 2457910.40825 0.0 2.0 0.0
-0.480698628581 3532992.57139 733032.336025 1.43818181818 0.0 2457910.40999 0.0 2.0 1.0
-0.478810415058 3521091.28608 730623.751563 1.43818181818 0.0 2457910.41174 0.0 2.0 0.0
-0.476922202541 3523575.10194 731217.196923 1.43818181818 0.0 2457910.41349 0.0 2.0 1.0
-0.475034401074 3518857.03616 730274.427803 1.43818181818 0.0 2457910.41524 0.0 2.0 0.0
-0.473146200632 3522636.94563 731001.356822 1.43818181818 0.0 2457910.41698 0.0 2.0 1.0
-0.471258005725 3516065.36748 729608.101232 1.43818181818 0.0 2457910.41873 0.0 2.0 0.0
-0.469369821383 3519525.23834 730388.728817 1.43818181818 0.0 2457910.42048 0.0 2.0 1.0
-0.467482041047 3513041.67535 728992.520236 1.43818181818 0.0 2457910.42223 0.0 2.0 0.0
-0.465593859724 3516568.37404 729723.943663 1.43818181818 0.0 2457910.42397 0.0 2.0 1.0
-0.463705680916 3512580.06881 728949.210934 1.43818181818 0.0 2457910.42572 0.0 2.0 0.0
-0.461817509152 3514825.8316 729469.85984 1.43818181818 0.0 2457910.42747 0.0 2.0 1.0
-0.459929732841 3509000.95945 728125.984345 1.43818181818 0.0 2457910.42922 0.0 2.0 0.0
-0.422342300301 3499065.3262 725925.401945 1.43818181818 0.0 2457910.46401 0.0 3.0 0.0
-0.420454055082 3506930.17136 727796.659636 1.43818181818 0.0 2457910.46575 0.0 3.0 1.0
-0.418566206321 3502232.4293 726784.020725 1.43818181818 0.0 2457910.4675 0.0 3.0 0.0
-0.416677961102 3509653.00579 728334.014511 1.43818181818 0.0 2457910.46925 0.0 3.0 1.0
-0.414789724938 3505892.65627 727557.843116 1.43818181818 0.0 2457910.471 0.0 3.0 0.0
-0.412901488775 3510405.83022 728576.458999 1.43818181818 0.0 2457910.47274 0.0 3.0 1.0
-0.411013662655 3506479.40529 727608.295168 1.43818181818 0.0 2457910.47449 0.0 3.0 0.0
-0.40912543756 3514053.8428 729210.515225 1.43818181818 0.0 2457910.47624 0.0 3.0 1.0
-0.407237224037 3507608.07579 727939.89733 1.43818181818 0.0 2457910.47799 0.0 3.0 0.0
-0.405349011521 3514958.82186 729358.260267 1.43818181818 0.0 2457910.47973 0.0 3.0 1.0
-0.403461210054 3509233.55312 728159.311275 1.43818181818 0.0 2457910.48148 0.0 3.0 0.0
-0.401573009612 3515104.29751 729435.055485 1.43818181818 0.0 2457910.48323 0.0 3.0 1.0
-0.399684815711 3511385.39088 728679.785736 1.43818181818 0.0 2457910.48498 0.0 3.0 0.0
-0.397796630866 3517558.31052 729968.435877 1.43818181818 0.0 2457910.48672 0.0 3.0 1.0
-0.395908851536 3514565.14293 729346.056869 1.43818181818 0.0 2457910.48847 0.0 3.0 0.0
-0.394020669709 3518266.96171 730049.230674 1.43818181818 0.0 2457910.49022 0.0 3.0 1.0
-0.392132491405 3515137.52407 729390.345233 1.43818181818 0.0 2457910.49197 0.0 3.0 0.0
-0.390244319641 3521126.19668 730623.554581 1.43818181818 0.0 2457910.49371 0.0 3.0 1.0
-0.38835654333 3520846.36395 730532.979751 1.43818181818 0.0 2457910.49546 0.0 3.0 0.0
-0.3507691123 3581897.85289 742542.106314 1.43818181818 0.0 2457910.53025 0.0 4.0 0.0
-0.34888086708 3589903.60724 744411.006517 1.43818181818 0.0 2457910.532 0.0 4.0 1.0
-0.346993017816 3585301.99977 743535.064798 1.43818181818 0.0 2457910.53374 0.0 4.0 0.0
-0.345104572858 3592294.13945 745038.619597 1.43818181818 0.0 2457910.53549 0.0 4.0 1.0
-0.34321653744 3588735.44384 744280.898948 1.43818181818 0.0 2457910.53724 0.0 4.0 0.0
-0.341328300773 3592672.78892 745108.404667 1.43818181818 0.0 2457910.53899 0.0 4.0 1.0
-0.33944047566 3589619.02807 744482.539531 1.43818181818 0.0 2457910.54073 0.0 4.0 0.0
-0.337552050323 3594321.23698 745456.366705 1.43818181818 0.0 2457910.54248 0.0 4.0 1.0
-0.335664036539 3588772.99455 744298.907382 1.43818181818 0.0 2457910.54423 0.0 4.0 0.0
-0.333775824022 3594713.32911 745466.183606 1.43818181818 0.0 2457910.54598 0.0 4.0 1.0
-0.331888023058 3588709.47028 744266.348854 1.43818181818 0.0 2457910.54772 0.0 4.0 0.0
-0.32999962338 3594057.65441 745440.988048 1.43818181818 0.0 2457910.54947 0.0 4.0 1.0
-0.328111628212 3589189.57663 744376.229603 1.43818181818 0.0 2457910.55122 0.0 4.0 0.0
-0.326223444373 3592624.39541 745066.64221 1.43818181818 0.0 2457910.55297 0.0 4.0 1.0
-0.32433566454 3590309.12431 744604.642323 1.43818181818 0.0 2457910.55471 0.0 4.0 0.0
-0.322447283478 3594832.29271 745551.753917 1.43818181818 0.0 2457910.55646 0.0 4.0 1.0
-0.320559304913 3589850.06125 744536.601837 1.43818181818 0.0 2457910.55821 0.0 4.0 0.0
-0.318671133652 3595330.56608 745636.286315 1.43818181818 0.0 2457910.55996 0.0 4.0 1.0
-0.316783157099 3590191.31396 744572.029378 1.43818181818 0.0 2457910.5617 0.0 4.0 0.0
