0.364326191757 3378839.939 701340.860087 1.28545454545 0.0 2457910.26656 0.0 0.0 0.0
0.366214041524 3395524.49849 704860.945496 1.28545454545 0.0 2457910.2683 0.0 0.0 1.0
0.368102282718 3395810.55088 704976.314261 1.28545454545 0.0 2457910.27005 0.0 0.0 0.0
0.369990519385 3403413.95476 706459.566029 1.28545454545 0.0 2457910.2718 0.0 0.0 1.0
0.371878757561 3403628.85273 706469.364416 1.28545454545 0.0 2457910.27355 0.0 0.0 0.0
0.373766590724 3412522.49033 708270.211225 1.28545454545 0.0 2457910.27529 0.0 0.0 1.0
0.375654812297 3409292.68689 707575.142158 1.28545454545 0.0 2457910.27704 0.0 0.0 0.0
0.377543033367 3413826.40883 708532.968659 1.28545454545 0.0 2457910.27879 0.0 0.0 1.0
0.379431242362 3409891.43936 707710.442467 1.28545454545 0.0 2457910.28054 0.0 0.0 0.0
0.381319050873 3415256.41744 708766.767805 1.28545454545 0.0 2457910.28228 0.0 0.0 1.0
0.383207248296 3412672.75378 708284.435477 1.28545454545 0.0 2457910.28403 0.0 0.0 0.0
0.385095444713 3417983.65884 709324.372996 1.28545454545 0.0 2457910.28578 0.0 0.0 1.0
0.386983630564 3413056.41707 708353.591535 1.28545454545 0.0 2457910.28753 0.0 0.0 0.0
0.388871416937 3418942.59705 709571.024342 1.28545454545 0.0 2457910.28927 0.0 0.0 1.0
0.39075959977 3413766.97783 708444.137993 1.28545454545 0.0 2457910.29102 0.0 0.0 0.0
0.392647774552 3419498.90568 709613.044975 1.28545454545 0.0 2457910.29277 0.0 0.0 1.0
0.394535946316 3415303.53887 708804.01118 1.28545454545 0.0 2457910.29452 0.0 0.0 0.0
0.396423723131 3419618.34965 709667.66455 1.28545454545 0.0 2457910.29626 0.0 0.0 1.0
0.434511313633 3408019.84298 707008.339764 1.28545454545 0.0 2457910.33152 0.0 1.0 0.0
0.436399558852 3415509.30558 708742.06978 1.28545454545 0.0 2457910.33326 0.0 1.0 1.0
0.438287407613 3412402.97385 708175.560618 1.28545454545 0.0 2457910.33501 0.0 1.0 0.0
0.440175652832 3418260.4273 709327.452954 1.28545454545 0.0 2457910.33676 0.0 1.0 1.0
0.442063888996 3413121.0401 708270.481581 1.28545454545 0.0 2457910.33851 0.0 1.0 0.0
0.443952125662 3418472.92989 709386.064378 1.28545454545 0.0 2457910.34025 0.0 1.0 1.0
0.445839951279 3412598.42838 708177.598972 1.28545454545 0.0 2457910.342 0.0 1.0 0.0
0.447728176877 3419424.86828 709518.315263 1.28545454545 0.0 2457910.34375 0.0 1.0 1.0
0.449616390903 3413399.02946 708356.147843 1.28545454545 0.0 2457910.3455 0.0 1.0 0.0
0.451504603923 3419603.27857 709576.360921 1.28545454545 0.0 2457910.34724 0.0 1.0 1.0
0.453392404887 3413999.70209 708446.475715 1.28545454545 0.0 2457910.34899 0.0 1.0 0.0
0.455280605329 3418921.60135 709495.166717 1.28545454545 0.0 2457910.35074 0.0 1.0 1.0
0.457168800236 3414034.52765 708444.452503 1.28545454545 0.0 2457910.35249 0.0 1.0 0.0
0.459056984578 3419626.34512 709682.153696 1.28545454545 0.0 2457910.35423 0.0 1.0 1.0
0.460944764914 3415652.785 708810.831422 1.28545454545 0.0 2457910.35598 0.0 1.0 0.0
0.46283294674 3419885.17085 709593.362765 1.28545454545 0.0 2457910.35773 0.0 1.0 1.0
0.464721125548 3416870.83923 708992.538526 1.28545454545 0.0 2457910.35948 0.0 1.0 0.0
0.466609297312 3419840.86349 709542.29264 1.28545454545 0.0 2457910.36122 0.0 1.0 1.0
0.468497074126 3414420.27517 708581.753734 1.28545454545 0.0 2457910.36297 0.0 1.0 0.0
-0.493915491322 3405745.61057 706442.185392 1.28545454545 0.0 2457910.39776 0.0 2.0 0.0
-0.492027246102 3410650.1446 707630.40468 1.28545454545 0.0 2457910.39951 0.0 2.0 1.0
-0.490139397845 3401600.88683 705930.49675 1.28545454545 0.0 2457910.40126 0.0 2.0 0.0
-0.488251152122 3396566.22246 704906.437912 1.28545454545 0.0 2457910.403 0.0 2.0 1.0
-0.486362916462 3385147.9742 702625.020743 1.28545454545 0.0 2457910.40475 0.0 2.0 0.0
-0.484474680298 3380658.7385 701740.749063 1.28545454545 0.0 2457910.4065 0.0 2.0 1.0
-0.48258665444 3364907.36609 698514.516173 1.28545454545 0.0 2457910.40825 0.0 2.0 0.0
-0.480698628581 3360171.74783 697569.607153 1.28545454545 0.0 2457910.40999 0.0 2.0 1.0
-0.478810415058 3351694.51494 695886.76431 1.28545454545 0.0 2457910.41174 0.0 2.0 0.0
-0.476922202541 3352545.47367 696024.417942 1.28545454545 0.0 2457910.41349 0.0 2.0 1.0
-0.475034401074 3345551.27344 694668.739888 1.28545454545 0.0 2457910.41524 0.0 2.0 0.0
-0.473146200632 3346164.77013 694735.292203 1.28545454545 0.0 2457910.41698 0.0 2.0 1.0
-0.471258005725 3343134.94136 694173.2622 1.28545454545 0.0 2457910.41873 0.0 2.0 0.0
-0.469369821383 3346645.72246 694918.756311 1.28545454545 0.0 2457910.42048 0.0 2.0 1.0
-0.467482041047 3338678.05317 693230.426846 1.28545454545 0.0 2457910.42223 0.0 2.0 0.0
-0.465593859724 3345166.20759 694619.156249 1.28545454545 0.0 2457910.42397 0.0 2.0 1.0
-0.463705680916 3338701.04464 693267.937429 1.28545454545 0.0 2457910.42572 0.0 2.0 0.0
-0.461817509152 3343227.36986 694192.609979 1.28545454545 0.0 2457910.42747 0.0 2.0 1.0
-0.459929732841 3338157.29863 693162.120792 1.28545454545 0.0 2457910.42922 0.0 2.0 0.0
-0.422342300301 3327673.46354 690757.135946 1.28545454545 0.0 2457910.46401 0.0 3.0 0.0
-0.420454055082 3334567.1655 692338.915124 1.28545454545 0.0 2457910.46575 0.0 3.0 1.0
-0.418566206321 3332750.47833 692050.31063 1.28545454545 0.0 2457910.4675 0.0 3.0 0.0
-0.416677961102 3335912.94537 692629.247681 1.28545454545 0.0 2457910.46925 0.0 3.0 1.0
-0.414789724938 3332868.30681 692106.145432 1.28545454545 0.0 2457910.471 0.0 3.0 0.0
-0.412901488775 3338306.57405 693195.458621 1.28545454545 0.0 2457910.47274 0.0 3.0 1.0
-0.411013662655 3334519.37635 692343.11616 1.28545454545 0.0 2457910.47449 0.0 3.0 0.0
-0.40912543756 3338275.47353 693183.260186 1.28545454545 0.0 2457910.47624 0.0 3.0 1.0
-0.407237224037 3339164.55804 693402.362925 1.28545454545 0.0 2457910.47799 0.0 3.0 0.0
-0.405349011521 3340940.08046 693686.021808 1.28545454545 0.0 2457910.47973 0.0 3.0 1.0
-0.403461210054 3336887.09373 692815.014195 1.28545454545 0.0 2457910.48148 0.0 3.0 0.0
-0.401573009612 3342709.71253 694020.745837 1.28545454545 0.0 2457910.48323 0.0 3.0 1.0
-0.399684815711 3339039.25113 693291.033675 1.28545454545 0.0 2457910.48498 0.0 3.0 0.0
-0.397796630866 3343973.90941 694325.269274 1.28545454545 0.0 2457910.48672 0.0 3.0 1.0
-0.395908851536 3340636.02492 693653.261586 1.28545454545 0.0 2457910.48847 0.0 3.0 0.0
-0.394020669709 3345658.20589 694645.776934 1.28545454545 0.0 2457910.49022 0.0 3.0 1.0
-0.392132491405 3343380.42048 694190.455615 1.28545454545 0.0 2457910.49197 0.0 3.0 0.0
-0.390244319641 3347082.6522 694909.115528 1.28545454545 0.0 2457910.49371 0.0 3.0 1.0
-0.38835654333 3347336.57356 694992.231313 1.28545454545 0.0 2457910.49546 0.0 3.0 0.0
-0.3507691123 3406030.56845 706516.642395 1.28545454545 0.0 2457910.53025 0.0 4.0 0.0
-0.34888086708 3413712.15377 708294.267291 1.28545454545 0.0 2457910.532 0.0 4.0 1.0
-0.346993017816 3410716.34902 707723.410758 1.28545454545 0.0 2457910.53374 0.0 4.0 0.0
-0.345104572858 3416310.66499 708877.58047 1.28545454545 0.0 2457910.53549 0.0 4.0 1.0
-0.34321653744 3412214.20546 708105.435175 1.28545454545 0.0 2457910.53724 0.0 4.0 0.0
-0.341328300773 3416603.32718 708963.185273 1.28545454545 0.0 2457910.53899 0.0 4.0 1.0
-0.33944047566 3413302.96451 708300.389651 1.28545454545 0.0 2457910.54073 0.0 4.0 0.0
-0.337552050323 3417044.24326 709025.131759 1.28545454545 0.0 2457910.54248 0.0 4.0 1.0
-0.335664036539 3412391.39719 708127.413479 1.28545454545 0.0 2457910.54423 0.0 4.0 0.0
-0.333775824022 3416718.58897 708998.265021 1.28545454545 0.0 2457910.54598 0.0 4.0 1.0
-0.331888023058 3414138.75243 708424.081014 1.28545454545 0.0 2457910.54772 0.0 4.0 0.0
-0.32999962338 3416868.05234 709039.833527 1.28545454545 0.0 2457910.54947 0.0 4.0 1.0
-0.328111628212 3412803.69119 708297.012337 1.28545454545 0.0 2457910.55122 0.0 4.0 0.0
-0.326223444373 3418352.00589 709310.465297 1.28545454545 0.0 2457910.55297 0.0 4.0 1.0
-0.32433566454 3412236.98039 708076.766424 1.28545454545 0.0 2457910.55471 0.0 4.0 0.0
-0.322447283478 3418763.73788 709420.701548 1.28545454545 0.0 2457910.55646 0.0 4.0 1.0
-0.320559304913 3412989.34338 708243.770662 1.28545454545 0.0 2457910.55821 0.0 4.0 0.0
-0.318671133652 3417396.58147 709132.957394 1.28545454545 0.0 2457910.55996 0.0 4.0 1.0
-0.316783157099 3412643.7342 708165.226563 1.28545454545 0.0 2457910.5617 0.0 4.0 0.0
