0.364326191757 3566189.48137 739236.501787 1.33636363636 0.0 2457910.26656 0.0 0.0 0.0
0.366214041524 3584060.36132 743077.679962 1.33636363636 0.0 2457910.2683 0.0 0.0 1.0
0.368102282718 3582758.25037 742764.980212 1.33636363636 0.0 2457910.27005 0.0 0.0 0.0
0.369990519385 3591254.92028 744536.701178 1.33636363636 0.0 2457910.2718 0.0 0.0 1.0
0.371878757561 3590935.11106 744384.764926 1.33636363636 0.0 2457910.27355 0.0 0.0 0.0
0.373766590724 3597535.5149 745756.747917 1.33636363636 0.0 2457910.27529 0.0 0.0 1.0
0.375654812297 3594087.98072 745044.689381 1.33636363636 0.0 2457910.27704 0.0 0.0 0.0
0.377543033367 3601414.41204 746549.75638 1.33636363636 0.0 2457910.27879 0.0 0.0 1.0
0.379431242362 3596804.18277 745598.257466 1.33636363636 0.0 2457910.28054 0.0 0.0 0.0
0.381319050873 3604141.17046 747033.882012 1.33636363636 0.0 2457910.28228 0.0 0.0 1.0
0.383207248296 3599438.88241 746032.486029 1.33636363636 0.0 2457910.28403 0.0 0.0 0.0
0.385095444713 3604441.12301 747035.523866 1.33636363636 0.0 2457910.28578 0.0 0.0 1.0
0.386983630564 3600305.52869 746268.550722 1.33636363636 0.0 2457910.28753 0.0 0.0 0.0
0.388871416937 3604581.23755 747131.171125 1.33636363636 0.0 2457910.28927 0.0 0.0 1.0
0.39075959977 3600138.0619 746172.0383 1.33636363636 0.0 2457910.29102 0.0 0.0 0.0
0.392647774552 3604779.20325 747157.9597 1.33636363636 0.0 2457910.29277 0.0 0.0 1.0
0.394535946316 3601893.97801 746542.76103 1.33636363636 0.0 2457910.29452 0.0 0.0 0.0
0.396423723131 3604807.9406 747171.1682 1.33636363636 0.0 2457910.29626 0.0 0.0 1.0
0.434511313633 3593702.24266 744583.864251 1.33636363636 0.0 2457910.33152 0.0 1.0 0.0
0.436399558852 3602279.1588 746469.823911 1.33636363636 0.0 2457910.33326 0.0 1.0 1.0
0.438287407613 3599456.71682 746041.686516 1.33636363636 0.0 2457910.33501 0.0 1.0 0.0
0.440175652832 3606148.66845 747373.274087 1.33636363636 0.0 2457910.33676 0.0 1.0 1.0
0.442063888996 3600166.92706 746177.097658 1.33636363636 0.0 2457910.33851 0.0 1.0 0.0
0.443952125662 3606927.09031 747558.201229 1.33636363636 0.0 2457910.34025 0.0 1.0 1.0
0.445839951279 3600367.50718 746289.850401 1.33636363636 0.0 2457910.342 0.0 1.0 0.0
0.447728176877 3606169.26827 747393.101776 1.33636363636 0.0 2457910.34375 0.0 1.0 1.0
0.449616390903 3600499.65927 746285.366793 1.33636363636 0.0 2457910.3455 0.0 1.0 0.0
0.451504603923 3606480.14895 747424.577268 1.33636363636 0.0 2457910.34724 0.0 1.0 1.0
0.453392404887 3600798.36734 746237.216977 1.33636363636 0.0 2457910.34899 0.0 1.0 0.0
0.455280605329 3607327.29178 747627.037211 1.33636363636 0.0 2457910.35074 0.0 1.0 1.0
0.457168800236 3603635.83013 746869.773255 1.33636363636 0.0 2457910.35249 0.0 1.0 0.0
0.459056984578 3606199.56964 747362.26573 1.33636363636 0.0 2457910.35423 0.0 1.0 1.0
0.460944764914 3601245.7942 746297.472947 1.33636363636 0.0 2457910.35598 0.0 1.0 0.0
0.46283294674 3606868.53418 747470.139145 1.33636363636 0.0 2457910.35773 0.0 1.0 1.0
0.464721125548 3602235.75917 746551.48374 1.33636363636 0.0 2457910.35948 0.0 1.0 0.0
0.466609297312 3607446.00752 747618.423211 1.33636363636 0.0 2457910.36122 0.0 1.0 1.0
0.468497074126 3602728.716 746719.969205 1.33636363636 0.0 2457910.36297 0.0 1.0 0.0
-0.493915491322 3593719.43113 744477.711479 1.33636363636 0.0 2457910.39776 0.0 2.0 0.0
-0.492027246102 3598178.28666 745633.428715 1.33636363636 0.0 2457910.39951 0.0 2.0 1.0
-0.490139397845 3586999.75304 743519.506891 1.33636363636 0.0 2457910.40126 0.0 2.0 0.0
-0.488251152122 3583957.8029 742932.911748 1.33636363636 0.0 2457910.403 0.0 2.0 1.0
-0.486362916462 3569156.48614 739944.226456 1.33636363636 0.0 2457910.40475 0.0 2.0 0.0
-0.484474680298 3564501.46735 739037.749568 1.33636363636 0.0 2457910.4065 0.0 2.0 1.0
-0.48258665444 3550788.40931 736192.820695 1.33636363636 0.0 2457910.40825 0.0 2.0 0.0
-0.480698628581 3543717.09452 734757.610516 1.33636363636 0.0 2457910.40999 0.0 2.0 1.0
-0.478810415058 3534343.5199 732832.258592 1.33636363636 0.0 2457910.41174 0.0 2.0 0.0
-0.476922202541 3533377.85703 732712.951279 1.33636363636 0.0 2457910.41349 0.0 2.0 1.0
-0.475034401074 3528396.49583 731700.039106 1.33636363636 0.0 2457910.41524 0.0 2.0 0.0
-0.473146200632 3531832.77031 732318.226111 1.33636363636 0.0 2457910.41698 0.0 2.0 1.0
-0.471258005725 3526416.10456 731260.815704 1.33636363636 0.0 2457910.41873 0.0 2.0 0.0
-0.469369821383 3529166.33042 731878.269098 1.33636363636 0.0 2457910.42048 0.0 2.0 1.0
-0.467482041047 3521725.11279 730304.648224 1.33636363636 0.0 2457910.42223 0.0 2.0 0.0
-0.465593859724 3526210.70607 731259.180128 1.33636363636 0.0 2457910.42397 0.0 2.0 1.0
-0.463705680916 3521123.73513 730192.352181 1.33636363636 0.0 2457910.42572 0.0 2.0 0.0
-0.461817509152 3526009.90656 731269.504923 1.33636363636 0.0 2457910.42747 0.0 2.0 1.0
-0.459929732841 3518638.54105 729641.059827 1.33636363636 0.0 2457910.42922 0.0 2.0 0.0
-0.422342300301 3508463.19847 727288.087508 1.33636363636 0.0 2457910.46401 0.0 3.0 0.0
-0.420454055082 3518870.51495 729700.284175 1.33636363636 0.0 2457910.46575 0.0 3.0 1.0
-0.418566206321 3513875.89385 728761.279123 1.33636363636 0.0 2457910.4675 0.0 3.0 0.0
-0.416677961102 3518286.89195 729642.918708 1.33636363636 0.0 2457910.46925 0.0 3.0 1.0
-0.414789724938 3516107.06873 729232.476184 1.33636363636 0.0 2457910.471 0.0 3.0 0.0
-0.412901488775 3522131.8691 730518.16131 1.33636363636 0.0 2457910.47274 0.0 3.0 1.0
-0.411013662655 3517387.51645 729376.650651 1.33636363636 0.0 2457910.47449 0.0 3.0 0.0
-0.40912543756 3521312.99445 730202.810584 1.33636363636 0.0 2457910.47624 0.0 3.0 1.0
-0.407237224037 3519906.88898 729953.617251 1.33636363636 0.0 2457910.47799 0.0 3.0 0.0
-0.405349011521 3523525.66529 730723.40373 1.33636363636 0.0 2457910.47973 0.0 3.0 1.0
-0.403461210054 3520532.68275 730090.095605 1.33636363636 0.0 2457910.48148 0.0 3.0 0.0
-0.401573009612 3526408.02955 731263.392984 1.33636363636 0.0 2457910.48323 0.0 3.0 1.0
-0.399684815711 3522246.55089 730422.285359 1.33636363636 0.0 2457910.48498 0.0 3.0 0.0
-0.397796630866 3526377.94572 731283.896352 1.33636363636 0.0 2457910.48672 0.0 3.0 1.0
-0.395908851536 3522721.00704 730531.507721 1.33636363636 0.0 2457910.48847 0.0 3.0 0.0
-0.394020669709 3528526.56071 731672.887714 1.33636363636 0.0 2457910.49022 0.0 3.0 1.0
-0.392132491405 3524492.76766 730834.071578 1.33636363636 0.0 2457910.49197 0.0 3.0 0.0
-0.390244319641 3529376.89515 731868.186313 1.33636363636 0.0 2457910.49371 0.0 3.0 1.0
-0.38835654333 3527649.99049 731468.067841 1.33636363636 0.0 2457910.49546 0.0 3.0 0.0
-0.3507691123 3592823.84982 744247.978129 1.33636363636 0.0 2457910.53025 0.0 4.0 0.0
-0.34888086708 3599696.66096 745945.544237 1.33636363636 0.0 2457910.532 0.0 4.0 1.0
-0.346993017816 3598142.17973 745651.733599 1.33636363636 0.0 2457910.53374 0.0 4.0 0.0
-0.345104572858 3602561.91063 746629.492135 1.33636363636 0.0 2457910.53549 0.0 4.0 1.0
-0.34321653744 3599001.32553 745898.170762 1.33636363636 0.0 2457910.53724 0.0 4.0 0.0
-0.341328300773 3602469.76117 746633.266202 1.33636363636 0.0 2457910.53899 0.0 4.0 1.0
-0.33944047566 3598981.92079 745929.293811 1.33636363636 0.0 2457910.54073 0.0 4.0 0.0
-0.337552050323 3603102.76465 746712.104052 1.33636363636 0.0 2457910.54248 0.0 4.0 1.0
-0.335664036539 3599370.36071 745957.154513 1.33636363636 0.0 2457910.54423 0.0 4.0 0.0
-0.333775824022 3604102.67222 746937.067206 1.33636363636 0.0 2457910.54598 0.0 4.0 1.0
-0.331888023058 3599669.80991 746010.251038 1.33636363636 0.0 2457910.54772 0.0 4.0 0.0
-0.32999962338 3604293.95104 747071.477905 1.33636363636 0.0 2457910.54947 0.0 4.0 1.0
-0.328111628212 3599192.20886 745981.561953 1.33636363636 0.0 2457910.55122 0.0 4.0 0.0
-0.326223444373 3604387.74227 747044.165533 1.33636363636 0.0 2457910.55297 0.0 4.0 1.0
-0.32433566454 3597844.88727 745630.501856 1.33636363636 0.0 2457910.55471 0.0 4.0 0.0
-0.322447283478 3605464.97651 747294.983375 1.33636363636 0.0 2457910.55646 0.0 4.0 1.0
-0.320559304913 3599802.71908 746093.088389 1.33636363636 0.0 2457910.55821 0.0 4.0 0.0
-0.318671133652 3602815.37936 746707.095285 1.33636363636 0.0 2457910.55996 0.0 4.0 1.0
-0.316783157099 3599044.55842 745923.501417 1.33636363636 0.0 2457910.5617 0.0 4.0 0.0
