0.364326191757 3581391.29646 618668.655593 1.36181818182 0.0 2457910.26656 0.0 0.0 0.0
0.366214041524 3600665.85726 622130.235493 1.36181818182 0.0 2457910.2683 0.0 0.0 1.0
0.368102282718 3599685.78525 621937.085385 1.36181818182 0.0 2457910.27005 0.0 0.0 0.0
0.369990519385 3610806.72795 623803.460476 1.36181818182 0.0 2457910.2718 0.0 0.0 1.0
0.371878757561 3608213.34443 623306.351874 1.36181818182 0.0 2457910.27355 0.0 0.0 0.0
0.373766590724 3615275.0545 624560.806053 1.36181818182 0.0 2457910.27529 0.0 0.0 1.0
0.375654812297 3612401.06774 624062.466276 1.36181818182 0.0 2457910.27704 0.0 0.0 0.0
0.377543033367 3619030.57138 625190.729173 1.36181818182 0.0 2457910.27879 0.0 0.0 1.0
0.379431242362 3616269.88327 624683.65361 1.36181818182 0.0 2457910.28054 0.0 0.0 0.0
0.381319050873 3622004.17358 625674.988455 1.36181818182 0.0 2457910.28228 0.0 0.0 1.0
0.383207248296 3616259.43703 624674.380044 1.36181818182 0.0 2457910.28403 0.0 0.0 0.0
0.385095444713 3623174.33454 625828.499952 1.36181818182 0.0 2457910.28578 0.0 0.0 1.0
0.386983630564 3617514.84226 624894.743912 1.36181818182 0.0 2457910.28753 0.0 0.0 0.0
0.388871416937 3624641.5593 626071.173853 1.36181818182 0.0 2457910.28927 0.0 0.0 1.0
0.39075959977 3619285.66513 625121.359021 1.36181818182 0.0 2457910.29102 0.0 0.0 0.0
0.392647774552 3624397.03225 626018.505931 1.36181818182 0.0 2457910.29277 0.0 0.0 1.0
0.394535946316 3620664.90401 625400.542326 1.36181818182 0.0 2457910.29452 0.0 0.0 0.0
0.396423723131 3625584.68491 626235.982408 1.36181818182 0.0 2457910.29626 0.0 0.0 1.0
0.434511313633 3611812.61073 623634.408223 1.36181818182 0.0 2457910.33152 0.0 1.0 0.0
0.436399558852 3621157.70495 625389.494652 1.36181818182 0.0 2457910.33326 0.0 1.0 1.0
0.438287407613 3617728.20771 624821.627416 1.36181818182 0.0 2457910.33501 0.0 1.0 0.0
0.440175652832 3623684.84502 625871.20401 1.36181818182 0.0 2457910.33676 0.0 1.0 1.0
0.442063888996 3619470.44377 625150.667813 1.36181818182 0.0 2457910.33851 0.0 1.0 0.0
0.443952125662 3624690.63568 626084.981017 1.36181818182 0.0 2457910.34025 0.0 1.0 1.0
0.445839951279 3619390.36763 625182.353102 1.36181818182 0.0 2457910.342 0.0 1.0 0.0
0.447728176877 3623982.52925 625960.571302 1.36181818182 0.0 2457910.34375 0.0 1.0 1.0
0.449616390903 3619077.26201 625095.990671 1.36181818182 0.0 2457910.3455 0.0 1.0 0.0
0.451504603923 3624790.6341 626103.461517 1.36181818182 0.0 2457910.34724 0.0 1.0 1.0
0.453392404887 3619392.62819 625098.320021 1.36181818182 0.0 2457910.34899 0.0 1.0 0.0
0.455280605329 3625752.32079 626196.731192 1.36181818182 0.0 2457910.35074 0.0 1.0 1.0
0.457168800236 3620079.25035 625260.134061 1.36181818182 0.0 2457910.35249 0.0 1.0 0.0
0.459056984578 3626381.80869 626324.606713 1.36181818182 0.0 2457910.35423 0.0 1.0 1.0
0.460944764914 3619023.62715 625066.801239 1.36181818182 0.0 2457910.35598 0.0 1.0 0.0
0.46283294674 3624034.15228 625921.773779 1.36181818182 0.0 2457910.35773 0.0 1.0 1.0
0.464721125548 3620202.72307 625273.681472 1.36181818182 0.0 2457910.35948 0.0 1.0 0.0
0.466609297312 3625483.88321 626154.680502 1.36181818182 0.0 2457910.36122 0.0 1.0 1.0
0.468497074126 3619735.26888 625164.672951 1.36181818182 0.0 2457910.36297 0.0 1.0 0.0
-0.493915491322 3611525.44074 623513.918176 1.36181818182 0.0 2457910.39776 0.0 2.0 0.0
-0.492027246102 3616113.31325 624507.000419 1.36181818182 0.0 2457910.39951 0.0 2.0 1.0
-0.490139397845 3606047.31867 622907.792455 1.36181818182 0.0 2457910.40126 0.0 2.0 0.0
-0.488251152122 3601169.47335 622099.391866 1.36181818182 0.0 2457910.403 0.0 2.0 1.0
-0.486362916462 3588136.88694 619907.368684 1.36181818182 0.0 2457910.40475 0.0 2.0 0.0
-0.484474680298 3581809.72243 618851.872695 1.36181818182 0.0 2457910.4065 0.0 2.0 1.0
-0.48258665444 3567339.58761 616403.53401 1.36181818182 0.0 2457910.40825 0.0 2.0 0.0
-0.480698628581 3562116.03438 615501.96811 1.36181818182 0.0 2457910.40999 0.0 2.0 1.0
-0.478810415058 3550413.77613 613536.316073 1.36181818182 0.0 2457910.41174 0.0 2.0 0.0
-0.476922202541 3551905.06897 613801.407688 1.36181818182 0.0 2457910.41349 0.0 2.0 1.0
-0.475034401074 3546674.92212 612921.45119 1.36181818182 0.0 2457910.41524 0.0 2.0 0.0
-0.473146200632 3548588.43718 613223.15252 1.36181818182 0.0 2457910.41698 0.0 2.0 1.0
-0.471258005725 3542444.14403 612168.856261 1.36181818182 0.0 2457910.41873 0.0 2.0 0.0
-0.469369821383 3545375.0204 612769.333631 1.36181818182 0.0 2457910.42048 0.0 2.0 1.0
-0.467482041047 3538651.30601 611491.003197 1.36181818182 0.0 2457910.42223 0.0 2.0 0.0
-0.465593859724 3542585.17186 612261.561727 1.36181818182 0.0 2457910.42397 0.0 2.0 1.0
-0.463705680916 3538611.37448 611519.018295 1.36181818182 0.0 2457910.42572 0.0 2.0 0.0
-0.461817509152 3543559.29997 612452.949389 1.36181818182 0.0 2457910.42747 0.0 2.0 1.0
-0.459929732841 3535845.82082 611038.921577 1.36181818182 0.0 2457910.42922 0.0 2.0 0.0
-0.422342300301 3524079.24314 608840.886032 1.36181818182 0.0 2457910.46401 0.0 3.0 0.0
-0.420454055082 3534236.65946 610778.555906 1.36181818182 0.0 2457910.46575 0.0 3.0 1.0
-0.418566206321 3530467.53064 610178.62568 1.36181818182 0.0 2457910.4675 0.0 3.0 0.0
-0.416677961102 3535571.91284 611052.833539 1.36181818182 0.0 2457910.46925 0.0 3.0 1.0
-0.414789724938 3532665.53812 610548.584336 1.36181818182 0.0 2457910.471 0.0 3.0 0.0
-0.412901488775 3536740.98781 611315.770956 1.36181818182 0.0 2457910.47274 0.0 3.0 1.0
-0.411013662655 3533105.18605 610605.611437 1.36181818182 0.0 2457910.47449 0.0 3.0 0.0
-0.40912543756 3539623.14965 611736.607081 1.36181818182 0.0 2457910.47624 0.0 3.0 1.0
-0.407237224037 3536619.71527 611215.816217 1.36181818182 0.0 2457910.47799 0.0 3.0 0.0
-0.405349011521 3539897.97124 611793.176373 1.36181818182 0.0 2457910.47973 0.0 3.0 1.0
-0.403461210054 3536312.05747 611108.992073 1.36181818182 0.0 2457910.48148 0.0 3.0 0.0
-0.401573009612 3542465.2611 612259.558178 1.36181818182 0.0 2457910.48323 0.0 3.0 1.0
-0.399684815711 3539376.93729 611666.805452 1.36181818182 0.0 2457910.48498 0.0 3.0 0.0
-0.397796630866 3543317.47176 612349.5486 1.36181818182 0.0 2457910.48672 0.0 3.0 1.0
-0.395908851536 3540707.15828 611848.779799 1.36181818182 0.0 2457910.48847 0.0 3.0 0.0
-0.394020669709 3546806.04396 612977.708456 1.36181818182 0.0 2457910.49022 0.0 3.0 1.0
-0.392132491405 3543250.49235 612318.991896 1.36181818182 0.0 2457910.49197 0.0 3.0 0.0
-0.390244319641 3549331.3539 613368.953488 1.36181818182 0.0 2457910.49371 0.0 3.0 1.0
-0.38835654333 3546427.05353 612788.245622 1.36181818182 0.0 2457910.49546 0.0 3.0 0.0
-0.3507691123 3609737.33316 623170.422125 1.36181818182 0.0 2457910.53025 0.0 4.0 0.0
-0.34888086708 3617118.31378 624691.730112 1.36181818182 0.0 2457910.532 0.0 4.0 1.0
-0.346993017816 3615548.40014 624406.067901 1.36181818182 0.0 2457910.53374 0.0 4.0 0.0
-0.345104572858 3620425.77768 625276.931475 1.36181818182 0.0 2457910.53549 0.0 4.0 1.0
-0.34321653744 3618013.99538 624919.391268 1.36181818182 0.0 2457910.53724 0.0 4.0 0.0
-0.341328300773 3621549.12673 625477.537573 1.36181818182 0.0 2457910.53899 0.0 4.0 1.0
-0.33944047566 3615108.93365 624418.728678 1.36181818182 0.0 2457910.54073 0.0 4.0 0.0
-0.337552050323 3620858.76538 625392.479632 1.36181818182 0.0 2457910.54248 0.0 4.0 1.0
-0.335664036539 3616668.33755 624665.175892 1.36181818182 0.0 2457910.54423 0.0 4.0 0.0
-0.333775824022 3622496.16202 625637.683423 1.36181818182 0.0 2457910.54598 0.0 4.0 1.0
-0.331888023058 3617084.95228 624703.826206 1.36181818182 0.0 2457910.54772 0.0 4.0 0.0
-0.32999962338 3621765.66895 625595.017061 1.36181818182 0.0 2457910.54947 0.0 4.0 1.0
-0.328111628212 3616803.20037 624695.62723 1.36181818182 0.0 2457910.55122 0.0 4.0 0.0
-0.326223444373 3622512.26037 625689.540207 1.36181818182 0.0 2457910.55297 0.0 4.0 1.0
-0.32433566454 3618216.45759 624869.633256 1.36181818182 0.0 2457910.55471 0.0 4.0 0.0
-0.322447283478 3623664.40179 625907.208962 1.36181818182 0.0 2457910.55646 0.0 4.0 1.0
-0.320559304913 3618132.95742 624924.879522 1.36181818182 0.0 2457910.55821 0.0 4.0 0.0
-0.318671133652 3621899.62444 625559.384521 1.36181818182 0.0 2457910.55996 0.0 4.0 1.0
-0.316783157099 3616935.09306 624686.868447 1.36181818182 0.0 2457910.5617 0.0 4.0 0.0
