0.364326191757 3500330.67454 726340.207891 1.38727272727 0.0 2457910.26656 0.0 0.0 0.0
0.366214041524 3519234.59827 730364.73292 1.38727272727 0.0 2457910.2683 0.0 0.0 1.0
0.368102282718 3520274.78118 730579.250485 1.38727272727 0.0 2457910.27005 0.0 0.0 0.0
0.369990519385 3531942.18207 732908.232547 1.38727272727 0.0 2457910.2718 0.0 0.0 1.0
0.371878757561 3527374.93785 731944.597684 1.38727272727 0.0 2457910.27355 0.0 0.0 0.0
0.373766590724 3535919.86717 733709.217014 1.38727272727 0.0 2457910.27529 0.0 0.0 1.0
0.375654812297 3533557.86907 733221.666111 1.38727272727 0.0 2457910.27704 0.0 0.0 0.0
0.377543033367 3538374.39046 734192.141762 1.38727272727 0.0 2457910.27879 0.0 0.0 1.0
0.379431242362 3533761.24911 733242.160273 1.38727272727 0.0 2457910.28054 0.0 0.0 0.0
0.381319050873 3539939.32783 734499.54229 1.38727272727 0.0 2457910.28228 0.0 0.0 1.0
0.383207248296 3536273.94996 733759.047368 1.38727272727 0.0 2457910.28403 0.0 0.0 0.0
0.385095444713 3540537.10926 734590.982057 1.38727272727 0.0 2457910.28578 0.0 0.0 1.0
0.386983630564 3538535.75171 734194.894042 1.38727272727 0.0 2457910.28753 0.0 0.0 0.0
0.388871416937 3542658.19728 735019.874659 1.38727272727 0.0 2457910.28927 0.0 0.0 1.0
0.39075959977 3537356.6397 733871.658882 1.38727272727 0.0 2457910.29102 0.0 0.0 0.0
0.392647774552 3543077.84609 735086.478116 1.38727272727 0.0 2457910.29277 0.0 0.0 1.0
0.394535946316 3539163.58737 734301.085899 1.38727272727 0.0 2457910.29452 0.0 0.0 0.0
0.396423723131 3547031.94627 735876.500131 1.38727272727 0.0 2457910.29626 0.0 0.0 1.0
0.434511313633 3531240.08399 732358.530176 1.38727272727 0.0 2457910.33152 0.0 1.0 0.0
0.436399558852 3538368.1396 734048.131264 1.38727272727 0.0 2457910.33326 0.0 1.0 1.0
0.438287407613 3536826.37018 733789.857222 1.38727272727 0.0 2457910.33501 0.0 1.0 0.0
0.440175652832 3541343.51224 734674.623787 1.38727272727 0.0 2457910.33676 0.0 1.0 1.0
0.442063888996 3536644.84189 733702.146049 1.38727272727 0.0 2457910.33851 0.0 1.0 0.0
0.443952125662 3541620.15499 734812.942135 1.38727272727 0.0 2457910.34025 0.0 1.0 1.0
0.445839951279 3538027.07672 734077.44825 1.38727272727 0.0 2457910.342 0.0 1.0 0.0
0.447728176877 3542609.71934 734958.619058 1.38727272727 0.0 2457910.34375 0.0 1.0 1.0
0.449616390903 3537582.88518 733964.774641 1.38727272727 0.0 2457910.3455 0.0 1.0 0.0
0.451504603923 3543010.87768 735064.473304 1.38727272727 0.0 2457910.34724 0.0 1.0 1.0
0.453392404887 3537618.23311 733938.237687 1.38727272727 0.0 2457910.34899 0.0 1.0 0.0
0.455280605329 3543408.82983 735151.721739 1.38727272727 0.0 2457910.35074 0.0 1.0 1.0
0.457168800236 3538725.53547 734120.34156 1.38727272727 0.0 2457910.35249 0.0 1.0 0.0
0.459056984578 3544932.83022 735457.121677 1.38727272727 0.0 2457910.35423 0.0 1.0 1.0
0.460944764914 3538208.06031 734024.226682 1.38727272727 0.0 2457910.35598 0.0 1.0 0.0
0.46283294674 3543081.68474 735004.305518 1.38727272727 0.0 2457910.35773 0.0 1.0 1.0
0.464721125548 3539925.51206 734396.358438 1.38727272727 0.0 2457910.35948 0.0 1.0 0.0
0.466609297312 3543999.47395 735190.986455 1.38727272727 0.0 2457910.36122 0.0 1.0 1.0
0.468497074126 3539791.90308 734347.464758 1.38727272727 0.0 2457910.36297 0.0 1.0 0.0
-0.493915491322 3531085.17536 732247.080028 1.38727272727 0.0 2457910.39776 0.0 2.0 0.0
-0.492027246102 3534308.41966 733188.398585 1.38727272727 0.0 2457910.39951 0.0 2.0 1.0
-0.490139397845 3523527.29285 731069.576775 1.38727272727 0.0 2457910.40126 0.0 2.0 0.0
-0.488251152122 3520359.4921 730421.04505 1.38727272727 0.0 2457910.403 0.0 2.0 1.0
-0.486362916462 3508128.74569 727985.704139 1.38727272727 0.0 2457910.40475 0.0 2.0 0.0
-0.484474680298 3502925.56978 726957.227475 1.38727272727 0.0 2457910.4065 0.0 2.0 1.0
-0.48258665444 3487670.6631 723862.248651 1.38727272727 0.0 2457910.40825 0.0 2.0 0.0
-0.480698628581 3482799.04729 722846.626615 1.38727272727 0.0 2457910.40999 0.0 2.0 1.0
-0.478810415058 3471207.49128 720522.567807 1.38727272727 0.0 2457910.41174 0.0 2.0 0.0
-0.476922202541 3471869.58291 720704.205942 1.38727272727 0.0 2457910.41349 0.0 2.0 1.0
-0.475034401074 3466198.8425 719533.29285 1.38727272727 0.0 2457910.41524 0.0 2.0 0.0
-0.473146200632 3468461.05715 719964.867168 1.38727272727 0.0 2457910.41698 0.0 2.0 1.0
-0.471258005725 3461507.40088 718503.152541 1.38727272727 0.0 2457910.41873 0.0 2.0 0.0
-0.469369821383 3466694.37271 719653.521279 1.38727272727 0.0 2457910.42048 0.0 2.0 1.0
-0.467482041047 3460792.4776 718404.817543 1.38727272727 0.0 2457910.42223 0.0 2.0 0.0
-0.465593859724 3463808.68511 719047.392088 1.38727272727 0.0 2457910.42397 0.0 2.0 1.0
-0.463705680916 3461046.00682 718449.786931 1.38727272727 0.0 2457910.42572 0.0 2.0 0.0
-0.461817509152 3463452.89141 718985.436045 1.38727272727 0.0 2457910.42747 0.0 2.0 1.0
-0.459929732841 3457434.2197 717697.570979 1.38727272727 0.0 2457910.42922 0.0 2.0 0.0
-0.422342300301 3445987.51755 715147.809833 1.38727272727 0.0 2457910.46401 0.0 3.0 0.0
-0.420454055082 3454490.39455 717097.873928 1.38727272727 0.0 2457910.46575 0.0 3.0 1.0
-0.418566206321 3451886.49402 716553.998578 1.38727272727 0.0 2457910.4675 0.0 3.0 0.0
-0.416677961102 3457254.84687 717703.31918 1.38727272727 0.0 2457910.46925 0.0 3.0 1.0
-0.414789724938 3452114.32996 716725.411959 1.38727272727 0.0 2457910.471 0.0 3.0 0.0
-0.412901488775 3458814.23873 718102.45663 1.38727272727 0.0 2457910.47274 0.0 3.0 1.0
-0.411013662655 3455851.99214 717432.031115 1.38727272727 0.0 2457910.47449 0.0 3.0 0.0
-0.40912543756 3461175.31125 718487.996861 1.38727272727 0.0 2457910.47624 0.0 3.0 1.0
-0.407237224037 3457949.85203 717851.654795 1.38727272727 0.0 2457910.47799 0.0 3.0 0.0
-0.405349011521 3461037.0707 718450.289571 1.38727272727 0.0 2457910.47973 0.0 3.0 1.0
-0.403461210054 3456653.8992 717546.007787 1.38727272727 0.0 2457910.48148 0.0 3.0 0.0
-0.401573009612 3464305.93007 719143.20261 1.38727272727 0.0 2457910.48323 0.0 3.0 1.0
-0.399684815711 3460615.51907 718406.708139 1.38727272727 0.0 2457910.48498 0.0 3.0 0.0
-0.397796630866 3464226.21694 719133.043771 1.38727272727 0.0 2457910.48672 0.0 3.0 1.0
-0.395908851536 3460856.03644 718460.371665 1.38727272727 0.0 2457910.48847 0.0 3.0 0.0
-0.394020669709 3466626.29109 719637.289186 1.38727272727 0.0 2457910.49022 0.0 3.0 1.0
-0.392132491405 3462692.8564 718789.997821 1.38727272727 0.0 2457910.49197 0.0 3.0 0.0
-0.390244319641 3469521.51311 720138.805446 1.38727272727 0.0 2457910.49371 0.0 3.0 1.0
-0.38835654333 3468012.16143 719831.381402 1.38727272727 0.0 2457910.49546 0.0 3.0 0.0
-0.3507691123 3529723.68465 731970.268746 1.38727272727 0.0 2457910.53025 0.0 4.0 0.0
-0.34888086708 3538930.75333 734124.205956 1.38727272727 0.0 2457910.532 0.0 4.0 1.0
-0.346993017816 3534652.21382 733237.500764 1.38727272727 0.0 2457910.53374 0.0 4.0 0.0
-0.345104572858 3540381.31181 734482.549724 1.38727272727 0.0 2457910.53549 0.0 4.0 1.0
-0.34321653744 3535936.93793 733558.230218 1.38727272727 0.0 2457910.53724 0.0 4.0 0.0
-0.341328300773 3540219.93645 734452.565931 1.38727272727 0.0 2457910.53899 0.0 4.0 1.0
-0.33944047566 3536695.61195 733718.536321 1.38727272727 0.0 2457910.54073 0.0 4.0 0.0
-0.337552050323 3541232.70645 734628.685893 1.38727272727 0.0 2457910.54248 0.0 4.0 1.0
-0.335664036539 3535302.8804 733447.329709 1.38727272727 0.0 2457910.54423 0.0 4.0 0.0
-0.333775824022 3541086.25453 734614.641096 1.38727272727 0.0 2457910.54598 0.0 4.0 1.0
-0.331888023058 3537154.80873 733757.36434 1.38727272727 0.0 2457910.54772 0.0 4.0 0.0
-0.32999962338 3542064.35841 734870.96117 1.38727272727 0.0 2457910.54947 0.0 4.0 1.0
-0.328111628212 3536931.76679 733786.499988 1.38727272727 0.0 2457910.55122 0.0 4.0 0.0
-0.326223444373 3540869.69746 734575.825125 1.38727272727 0.0 2457910.55297 0.0 4.0 1.0
-0.32433566454 3536816.17706 733750.480238 1.38727272727 0.0 2457910.55471 0.0 4.0 0.0
-0.322447283478 3541208.07414 734624.041212 1.38727272727 0.0 2457910.55646 0.0 4.0 1.0
-0.320559304913 3535603.64031 733544.858483 1.38727272727 0.0 2457910.55821 0.0 4.0 0.0
-0.318671133652 3541331.87736 734670.324815 1.38727272727 0.0 2457910.55996 0.0 4.0 1.0
-0.316783157099 3535887.24917 733517.827 1.38727272727 0.0 2457910.5617 0.0 4.0 0.0
