# Wavelength [um]      (Rp/Rstar)^2
1.247264340295633467e+01 2.048098754478371378e-02
1.234915188411518194e+01 2.046310527696469650e-02
1.222688305357938887e+01 2.046059777151627151e-02
1.210582480552414708e+01 2.046741398194842215e-02
1.198596515398430462e+01 2.045597337769861773e-02
1.186729223166762992e+01 2.046560538527134043e-02
1.174979428877982990e+01 2.048557910800561516e-02
1.163345969186121920e+01 2.045952429456275243e-02
1.151827692263487002e+01 2.046235565101126030e-02
1.140423457686620701e+01 2.046080412983713320e-02
1.129132136323386781e+01 2.046375141331990138e-02
1.117952610221174936e+01 2.046440901628531969e-02
1.106883772496212970e+01 2.046894297640509258e-02
1.095924527223973222e+01 2.048763272831428256e-02
1.085073789330666472e+01 2.047180454243279629e-02
1.074330484485808412e+01 2.048754067882652130e-02
1.063693548995849980e+01 2.047644335659962872e-02
1.053161929698861421e+01 2.048103852786393661e-02
1.042734583860258724e+01 2.052099554972113687e-02
1.032410479069563181e+01 2.051508458033125121e-02
1.022188593138181290e+01 2.051164206037027829e-02
1.012067913998199487e+01 2.052204356089553511e-02
1.002047439602177548e+01 2.048782451207444011e-02
9.921261778239381712e+00 2.050251185848672372e-02
9.823031463603349778e+00 2.050461128042995948e-02
9.725773726339950187e+00 2.052076139003203986e-02
9.629478936970249592e+00 2.052517883805621626e-02
9.534137561356683221e+00 2.053499259111662284e-02
9.439740159759089977e+00 2.055436321308587444e-02
9.346277385900089385e+00 2.055943049526058608e-02
9.253739986039693832e+00 2.058215565627886934e-02
9.162118798059102787e+00 2.059273241202851795e-02
9.071404750553567098e+00 2.062307311434802976e-02
8.981588861934222123e+00 2.070161077812767564e-02
8.892662239538834612e+00 2.074140404652034808e-02
8.804616078751321240e+00 2.075749995658530966e-02
8.717441662130022806e+00 2.081793694994380634e-02
8.631130358544575998e+00 2.087040259388029534e-02
8.545673622321363183e+00 2.096162975416006671e-02
8.461062992397387461e+00 2.104238519260770782e-02
8.377290091482562318e+00 2.114789206053038773e-02
8.294346625230261338e+00 2.122404076305224249e-02
8.212224381416099561e+00 2.128686661066461414e-02
8.130915229124850541e+00 2.129761304267672670e-02
8.050411117945397876e+00 2.136426573525340364e-02
7.970704077173661695e+00 2.137856930576553099e-02
7.891786215023426365e+00 2.154143838832165564e-02
7.813649717844977083e+00 2.177284059462133298e-02
7.736286849351461825e+00 2.202493633885960894e-02
7.659689949852931612e+00 2.151728208427892280e-02
7.583851435497953375e+00 2.130483989948375387e-02
7.508763797522725270e+00 2.148884588615695979e-02
7.434419601507648245e+00 2.165921296459774603e-02
7.360811486641236634e+00 2.165489245516384609e-02
7.287932164991324235e+00 2.150793883827751413e-02
7.215774420783487741e+00 2.134762009003815172e-02
7.144331109686621772e+00 2.121728073024559819e-02
7.073595158105566050e+00 2.109867225460731327e-02
7.003559562480758949e+00 2.097472097981029071e-02
6.934217388594810849e+00 2.089111637237602709e-02
6.865561770885950210e+00 2.094348367955406118e-02
6.797585911768267763e+00 2.097537407735168904e-02
6.730283080958680664e+00 2.088052172055925373e-02
6.663646614810574853e+00 2.086540180353299578e-02
6.597669915654034156e+00 2.095166291070036518e-02
6.532346451142608146e+00 2.100107832060710972e-02
6.467669753606543281e+00 2.121011996269051708e-02
6.403633419412418704e+00 2.098994675701258694e-02
6.340231108329128062e+00 2.083674181867744071e-02
6.277456542900125669e+00 2.080878410676770610e-02
6.215303507821907658e+00 2.081505752444370166e-02
6.153765849328621584e+00 2.081915218270276313e-02
6.092837474582792900e+00 2.085892514049005053e-02
6.032512351072073287e+00 2.088936662230212946e-02
5.972784506011953987e+00 2.087999434860962622e-02
5.913648025754409510e+00 2.080772983145936367e-02
5.855097055202384659e+00 2.096925253310702453e-02
5.797125797230084032e+00 2.083074782716095794e-02
5.739728512108993819e+00 2.080048437388996169e-02
5.682899516939598605e+00 2.081047728454193946e-02
5.626633185088711464e+00 2.081551016942975729e-02
5.570923945632387131e+00 2.079417847481865311e-02
5.515766282804344556e+00 2.070841000436016502e-02
5.461154735449845532e+00 2.070552691511856266e-02
5.407083896484995655e+00 2.072390035420182408e-02
5.353548412361381459e+00 2.065999839514454442e-02
5.300542982536021519e+00 2.066102641460819400e-02
5.248062358946555150e+00 2.061192996992427043e-02
5.196101345491639378e+00 2.062084859623208172e-02
5.144654797516475142e+00 2.061595784055841526e-02
5.093717621303440524e+00 2.057443699068669390e-02
5.043284773567762613e+00 2.058713789777487022e-02
4.993351260958180937e+00 2.056676445437628439e-02
4.943912139562555375e+00 2.056949652672827866e-02
4.894962514418371491e+00 2.055637519025844615e-02
4.846497539028090884e+00 2.055980543601235860e-02
4.798512414879296806e+00 2.055479512750106250e-02
4.751002390969600420e+00 2.056229878490529669e-02
4.703962763336238417e+00 2.058247188859129925e-02
4.657388874590335348e+00 2.059300540019426071e-02
4.611276113455778258e+00 2.059716786198626318e-02
4.565619914312651240e+00 2.061683620832028413e-02
4.520415756745198799e+00 2.064357316178056304e-02
4.475659165094256764e+00 2.067537775384382243e-02
4.431345708014116092e+00 2.072080516037110715e-02
4.387470998033777825e+00 2.080513659890505587e-02
4.344030691122553023e+00 2.095762299347650806e-02
4.301020486259953479e+00 2.108492963993437858e-02
4.258436125009854578e+00 2.084795978246023820e-02
4.216273391098866341e+00 2.074115931069232116e-02
4.174528109998877135e+00 2.066265234968597819e-02
4.133196148513740731e+00 2.066600349632271433e-02
4.092273414370040108e+00 2.065862185441351417e-02
4.051755855811920881e+00 2.064093862684768244e-02
4.011639461199922430e+00 2.064358191953779079e-02
3.971920258613783616e+00 2.067302799973384786e-02
3.932594315459191581e+00 2.070813058445424709e-02
3.893657738078407426e+00 2.075466568945382242e-02
3.855106671364760818e+00 2.080987207852808690e-02
3.816937298380950860e+00 2.075866975044218105e-02
3.779145839981139510e+00 2.089130135413011860e-02
3.741728554436771326e+00 2.089063458899341474e-02
3.704681737066110259e+00 2.095349743421725391e-02
3.668001719867436616e+00 2.101976642273068602e-02
3.631684871155877570e+00 2.118932387847098295e-02
3.595727595203838334e+00 2.129294310389410333e-02
3.560126331884988726e+00 2.139304084763841984e-02
3.524877556321771355e+00 2.146022599701395694e-02
3.489977778536407005e+00 2.159518842312016865e-02
3.455423543105353712e+00 2.166619632258592887e-02
3.421211428817182210e+00 2.163276915828088107e-02
3.387338048333843332e+00 2.157319743924223862e-02
3.353800047855290511e+00 2.181630093848692040e-02
3.320594106787416067e+00 2.225876415412222920e-02
3.287716937413283524e+00 2.141380277951672462e-02
3.255165284567607564e+00 2.163638459791666219e-02
3.222935925314462935e+00 2.170336327666033682e-02
3.191025668628181045e+00 2.169067999305262714e-02
3.159431355077406689e+00 2.150945436407110389e-02
3.128149856512283833e+00 2.126622338076162438e-02
3.097178075754736692e+00 2.100963854628807442e-02
3.066512946291818587e+00 2.081764747614497924e-02
3.036151431972097470e+00 2.070699966315441010e-02
3.006090526705047061e+00 2.068039557483712307e-02
2.976327254163412928e+00 2.068370272659933451e-02
2.946858667488527761e+00 2.068616096452925712e-02
2.917681848998542549e+00 2.072885148481513548e-02
2.888793909899546541e+00 2.072535564076332867e-02
2.860191989999551154e+00 2.077609501487548069e-02
2.831873257425297830e+00 2.080165355678887870e-02
2.803834908341879206e+00 2.081267420236508625e-02
2.776074166675128296e+00 2.085187129386061045e-02
2.748588283836760127e+00 2.077677526441427946e-02
2.721374538452237868e+00 2.083523171621434050e-02
2.694430236091324815e+00 2.095268789713275112e-02
2.667752709001311562e+00 2.094841251549839009e-02
2.641339315842882840e+00 2.087143628016464164e-02
2.615187441428596937e+00 2.095463138024134669e-02
2.589294496463957262e+00 2.105171968602375862e-02
2.563657917291046751e+00 2.099111797349741820e-02
2.538275165634700237e+00 2.090382721031529972e-02
2.513143728351188155e+00 2.089164548870802926e-02
2.488261117179394244e+00 2.092388235501284680e-02
2.463624868494449949e+00 2.101750026883766886e-02
2.439232543063811764e+00 2.113849678295236234e-02
2.415081725805753532e+00 2.119191437053327687e-02
2.391170025550251044e+00 2.133517872388919490e-02
2.367495074802228761e+00 2.144370868122853421e-02
2.344054529507157536e+00 2.149010394344676167e-02
2.320846068818967822e+00 2.140147158440693434e-02
2.297867394870265034e+00 2.141526594753543483e-02
2.275116232544817318e+00 2.136803236501240780e-02
2.252590329252293522e+00 2.132319326017791117e-02
2.230287454705241146e+00 2.110628610862165522e-02
2.208205400698258991e+00 2.116637424857239352e-02
2.186341980889365377e+00 2.078567244356500920e-02
2.164695030583529967e+00 2.068549408200702142e-02
2.143262406518346097e+00 2.059671906537547531e-02
2.122041986651828083e+00 2.053563897777026248e-02
2.101031669952305059e+00 2.048772661324399849e-02
2.080229376190401158e+00 2.046817242830123451e-02
2.059633045733070489e+00 2.046747384342135351e-02
2.039240639339673589e+00 2.047559189288630441e-02
2.019050137960073155e+00 2.049890270011163473e-02
1.999059542534725509e+00 2.054307234382456160e-02
1.979266873796758031e+00 2.057625742440032102e-02
1.959670172075998140e+00 2.063000870059605169e-02
1.940267497104948502e+00 2.067338208721721318e-02
1.921056927826681582e+00 2.065335019924182530e-02
1.902036562204635128e+00 2.061254442924240898e-02
1.883204517034292147e+00 2.066059337767470194e-02
1.864558927756724938e+00 2.076015202578416347e-02
1.846097948273984990e+00 2.075423696702853593e-02
1.827819750766321860e+00 2.076677364330555692e-02
1.809722525511209934e+00 2.076219063869480866e-02
1.791804480704168201e+00 2.081922268358347289e-02
1.774063842281354608e+00 2.077891475307616295e-02
1.756498853743915012e+00 2.075930792795778121e-02
1.739107775984074289e+00 2.080512857726159182e-02
1.721888887112944966e+00 2.079682456621449391e-02
1.704840482290044701e+00 2.087080246501411829e-02
1.687960873554499530e+00 2.077942494163052128e-02
1.671248389657920441e+00 2.084771952570733597e-02
1.654701375898931071e+00 2.068755264669490390e-02
1.638318193959337421e+00 2.071831157809526924e-02
1.622097221741918505e+00 2.068147163166107055e-02
1.606036853209820148e+00 2.050713900499075842e-02
1.590135498227544852e+00 2.045030516974141038e-02
1.574391582403509737e+00 2.045135747446169550e-02
1.558803546934167894e+00 2.045313512278292695e-02
1.543369848449671178e+00 2.045124974974444829e-02
1.528088958861060442e+00 2.046575003184524649e-02
1.512959365208970564e+00 2.049253994042367008e-02
1.497979569513832487e+00 2.052562561472711863e-02
1.483148088627556760e+00 2.056247857156249734e-02
1.468463454086690101e+00 2.059498014209730152e-02
1.453924211967019708e+00 2.062476156013140494e-02
1.439528922739623740e+00 2.073300634879711099e-02
1.425276161128340213e+00 2.080353436574626166e-02
1.411164515968653665e+00 2.085581560938904247e-02
1.397192590067974027e+00 2.091015473313762377e-02
1.383359000067300837e+00 2.089272685881520680e-02
1.369662376304258355e+00 2.084477222409886199e-02
1.356101362677483380e+00 2.086364651034237211e-02
1.342674616512359975e+00 2.070155219403073746e-02
1.329380808428079153e+00 2.057622456763234103e-02
1.316218622206019040e+00 2.049569902306869543e-02
1.303186754659424462e+00 2.047397782325997839e-02
1.290283915504380818e+00 2.045406890272413389e-02
1.277508827232060051e+00 2.044148097272171019e-02
1.264860224982237824e+00 2.043722211019922963e-02
1.252336856418057032e+00 2.043754606780802049e-02
1.239937481602036762e+00 2.043920675217803656e-02
1.227660872873303610e+00 2.044360854930694221e-02
1.215505814726043354e+00 2.045093224436292031e-02
1.203471103689151889e+00 2.047802816884230354e-02
1.191555548207080761e+00 2.054948155562075218e-02
1.179757968521861988e+00 2.062741616513462037e-02
1.168077196556299047e+00 2.066276060391416744e-02
1.156512075798315831e+00 2.068678379158175526e-02
1.145061461186451135e+00 2.055122081488525848e-02
1.133724218996486455e+00 2.059112075918492421e-02
1.122499226729194666e+00 2.059056446998332179e-02
1.111385372999202481e+00 2.053856668950662656e-02
1.100381557424953138e+00 2.047605171397730295e-02
1.089486690519755552e+00 2.044661790787259681e-02
1.078699693583916597e+00 2.044020901427191436e-02
1.068019498597936989e+00 2.043844250848174740e-02
1.057445048116769204e+00 2.043739256802831056e-02
1.046975295165118336e+00 2.043898458211048513e-02
1.036609203133780355e+00 2.044396193889478491e-02
1.026345745677010202e+00 2.045151894086889854e-02
1.016183906610901300e+00 2.045294281689773175e-02
1.006122679812773590e+00 2.046152765919939664e-02
9.961610691215579960e-01 2.046213097972281875e-02
9.862980882391664261e-01 2.046580908760341558e-02
9.765327606328380039e-01 2.047630215328739844e-02
9.668641194384535176e-01 2.048993995708179791e-02
9.572912073648053299e-01 2.051485042999729239e-02
9.478130765988174167e-01 2.051111116956126634e-02
9.384287887117003235e-01 2.050931702057805922e-02
9.291374145660399320e-01 2.051040088478827544e-02
9.199380342238018260e-01 2.046272432703665975e-02
9.108297368552494833e-01 2.047682558908538869e-02
9.018116206487618580e-01 2.051097970182618260e-02
8.928827927215462479e-01 2.050373040959392601e-02
8.840423690312340099e-01 2.044713481626160567e-02
8.752894742883503554e-01 2.044082516652765552e-02
8.666232418696537820e-01 2.043926496347781355e-02
8.580428137323306004e-01 2.043872131230014752e-02
8.495473403290402237e-01 2.043965172157314811e-02
8.411359805238021181e-01 2.044327486084928161e-02
