1.133 0.143409 0.000219 0.361 0.000 1.00
1.158 0.143679 0.000223 0.358 0.000 1.00
1.184 0.142958 0.000224 0.351 0.000 1.00
1.209 0.142882 0.000203 0.343 0.000 1.00
1.235 0.142814 0.000229 0.344 0.000 1.00
1.260 0.142896 0.000210 0.338 0.000 1.00
1.285 0.143338 0.000246 0.335 0.000 1.00
1.311 0.143714 0.000211 0.329 0.000 1.00
1.336 0.143433 0.000242 0.325 0.000 1.00
1.362 0.144138 0.000207 0.317 0.000 1.00
1.387 0.143921 0.000206 0.311 0.000 1.00
1.413 0.144261 0.000178 0.302 0.000 1.00
1.438 0.144011 0.000228 0.288 0.000 1.00
1.464 0.143553 0.000223 0.284 0.000 1.00
1.489 0.143481 0.000285 0.264 0.000 1.00
1.515 0.143493 0.000259 0.252 0.000 1.00
1.540 0.142788 0.000282 0.237 0.000 1.00
1.565 0.143056 0.000339 0.225 0.000 1.00
1.591 0.142641 0.000339 0.208 0.000 1.00
1.616 0.143100 0.000333 0.201 0.000 1.00
