1.133 0.143368 0.000221 0.376 0.000 1.00
1.158 0.143632 0.000229 0.372 0.000 1.00
1.184 0.142909 0.000231 0.364 0.000 1.00
1.209 0.142836 0.000209 0.355 0.000 1.00
1.235 0.142758 0.000237 0.355 0.000 1.00
1.260 0.142844 0.000217 0.347 0.000 1.00
1.285 0.143285 0.000248 0.341 0.000 1.00
1.311 0.143652 0.000217 0.335 0.000 1.00
1.336 0.143380 0.000245 0.327 0.000 1.00
1.362 0.144091 0.000208 0.317 0.000 1.00
1.387 0.143892 0.000205 0.307 0.000 1.00
1.413 0.144220 0.000179 0.298 0.000 1.00
1.438 0.143972 0.000230 0.285 0.000 1.00
1.464 0.143528 0.000222 0.276 0.000 1.00
1.489 0.143471 0.000284 0.257 0.000 1.00
1.515 0.143462 0.000258 0.246 0.000 1.00
1.540 0.142825 0.000277 0.223 0.000 1.00
1.565 0.143049 0.000338 0.216 0.000 1.00
1.591 0.142639 0.000339 0.201 0.000 1.00
1.616 0.143125 0.000329 0.190 0.000 1.00
