1.133 0.143315 0.000222 0.377 0.000 1.00
1.158 0.143578 0.000232 0.373 0.000 1.00
1.184 0.142855 0.000235 0.365 0.000 1.00
1.209 0.142783 0.000212 0.356 0.000 1.00
1.235 0.142707 0.000241 0.355 0.000 1.00
1.260 0.142790 0.000222 0.348 0.000 1.00
1.285 0.143232 0.000250 0.343 0.000 1.00
1.311 0.143604 0.000221 0.336 0.000 1.00
1.336 0.143330 0.000248 0.330 0.000 1.00
1.362 0.144042 0.000209 0.319 0.000 1.00
1.387 0.143838 0.000207 0.311 0.000 1.00
1.413 0.144176 0.000181 0.301 0.000 1.00
1.438 0.143933 0.000232 0.287 0.000 1.00
1.464 0.143486 0.000227 0.280 0.000 1.00
1.489 0.143432 0.000288 0.259 0.000 1.00
1.515 0.143437 0.000259 0.248 0.000 1.00
1.540 0.142781 0.000281 0.228 0.000 1.00
1.565 0.143032 0.000338 0.219 0.000 1.00
1.591 0.142626 0.000340 0.203 0.000 1.00
1.616 0.143105 0.000331 0.194 0.000 1.00
