1.13272727273 0.0206082801317 5.95273937461e-05
1.15818181818 0.0206906737632 5.368222984e-05
1.18363636364 0.020470691458 5.76603160577e-05
1.20909090909 0.0204595194232 5.32972012984e-05
1.23454545455 0.0204192829425 5.9646080948e-05
1.26 0.0204588957263 5.30251299436e-05
1.28545454545 0.0205819793011 6.08783876497e-05
1.31090909091 0.0207021331655 5.13978221886e-05
1.33636363636 0.0206529515755 5.72360960345e-05
1.36181818182 0.0208199224204 4.72299831876e-05
1.38727272727 0.0207601990664 4.8138660805e-05
1.41272727273 0.0208508273779 4.80889948518e-05
1.43818181818 0.02077979563 5.98696503662e-05
1.46363636364 0.0206498527036 5.12032551551e-05
1.48909090909 0.020642394305 6.35016488495e-05
1.51454545455 0.0206437162544 6.66565970056e-05
1.54 0.020473183848 6.1476621513e-05
1.56545454545 0.020444014914 6.20645319956e-05
1.59090909091 0.0204615300117 5.77113135258e-05
1.61636363636 0.0204788464521 6.38566588895e-05
1.64181818182 0.0204746597433 8.49169945159e-05
1.66727272727 0.0205718257263 8.05448434396e-05
