421695157.866
421326813.789
421990757.527
421462942.829
422115461.721
421613267.625
422136685.98
421640216.674
422224766.971
421709673.549
422288054.111
421628438.622
422261576.434
421683912.895
422230252.771
421717785.272
422267441.876
421803535.67
421701381.895
421240327.133
421821971.621
421390122.637
421994821.777
421430925.964
421950027.68
421450507.134
422002824.387
421619366.578
422087831.176
421604227.277
422158002.683
421617686.338
422146892.388
421705715.24
422241407.373
421564998.141
421674138.69
421319204.752
421904997.966
421432047.932
421985676.846
421506535.928
422112030.95
421689062.075
422136148.598
421636698.151
422251932.726
421686122.952
422132021.97
421638894.979
422043424.026
421492923.627
421946997.688
421447040.662
421533132.938
421079575.493
421742954.09
421297863.364
421832523.424
421370641.576
421868408.529
421387273.685
421923586.199
421426501.722
422020838.99
421445409.661
421980744.051
421461226.456
421972335.44
421468362.127
421985284.352
421401880.082
